[262  11] 
[261  12] 
[261  13] 
[261  14] 
[261  15] 
[261  16] 
[261  17] 
[261  18] 
[261  19] 
[261  20] 
[261  21] 
[261  22] 
[261  23] 
[261  24] 
[261  25] 
[261  26] 
[261  27] 
[261  28] 
[261  29] 
[261  30] 
[261  31] 
[261  32] 
[261  33] 
[261  34] 
[261  35] 
[262  35] 
[263  36] 
[264  36] 
[265  36] 
[266  36] 
[267  36] 
[268  36] 
[269  36] 
[270  35] 
[271  36] 
[272  36] 
[273  36] 
[274  36] 
[275  36] 
[276  36] 
[277  36] 
[278  36] 
[279  37] 
[280  37] 
[281  37] 
[282  37] 
[283  37] 
[284  37] 
[285  37] 
[286  37] 
[287  37] 
[288  37] 
[289  37] 
[290  38] 
[291  38] 
[292  38] 
[293  38] 
[294  38] 
[295  38] 
[296  39] 
[297  39] 
[298  39] 
[299  39] 
[300  39] 
[301  39] 
[302  39] 
[303  40] 
[304  40] 
[305  40] 
[306  40] 
[307  40] 
[308  41] 
[309  41] 
[310  41] 
[311  41] 
[312  41] 
[313  42] 
[314  42] 
[315  42] 
[316  42] 
[317  42] 
[318  43] 
[319  43] 
[320  44] 
[321  44] 
[322  44] 
[323  44] 
[324  44] 
[325  44] 
[326  45] 
[327  45] 
[328  46] 
[329  46] 
[330  46] 
[331  46] 
[332  47] 
[333  47] 
[334  48] 
[335  48] 
[336  48] 
[337  48] 
[338  49] 
[339  49] 
[340  49] 
[341  50] 
[342  50] 
[343  51] 
[344  51] 
[345  51] 
[346  52] 
[347  52] 
[348  52] 
[349  53] 
[350  53] 
[351  54] 
[352  54] 
[353  54] 
[354  55] 
[355  55] 
[356  56] 
[357  56] 
[358  57] 
[359  57] 
[360  58] 
[361  58] 
[362  59] 
[363  59] 
[364  59] 
[365  60] 
[366  61] 
[367  61] 
[368  62] 
[369  62] 
[370  63] 
[371  63] 
[372  64] 
[373  64] 
[374  65] 
[375  65] 
[376  66] 
[377  66] 
[378  67] 
[379  67] 
[380  68] 
[381  69] 
[382  69] 
[383  70] 
[384  71] 
[385  71] 
[386  72] 
[387  72] 
[388  73] 
[389  74] 
[390  74] 
[391  75] 
[392  76] 
[393  76] 
[394  77] 
[395  78] 
[396  78] 
[397  79] 
[398  80] 
[399  81] 
[400  81] 
[401  82] 
[402  83] 
[403  84] 
[404  84] 
[405  85] 
[406  86] 
[407  87] 
[408  87] 
[409  88] 
[410  89] 
[411  90] 
[412  91] 
[413  91] 
[414  92] 
[415  93] 
[416  94] 
[417  95] 
[418  96] 
[419  97] 
[420  98] 
[421  98] 
[422  99] 
[422 100] 
[423 100] 
[424 101] 
[424 102] 
[425 102] 
[426 103] 
[427 104] 
[428 105] 
[428 106] 
[429 106] 
[430 107] 
[431 108] 
[432 109] 
[432 110] 
[433 111] 
[434 112] 
[435 113] 
[436 114] 
[437 115] 
[438 116] 
[439 117] 
[440 118] 
[441 119] 
[441 120] 
[442 121] 
[443 122] 
[444 123] 
[445 124] 
[446 125] 
[447 126] 
[447 127] 
[448 128] 
[449 129] 
[450 130] 
[450 131] 
[451 132] 
[452 133] 
[453 134] 
[453 135] 
[454 136] 
[454 137] 
[455 137] 
[456 138] 
[456 139] 
[457 140] 
[458 141] 
[458 142] 
[459 143] 
[460 144] 
[460 145] 
[461 146] 
[462 147] 
[462 148] 
[463 149] 
[464 150] 
[464 151] 
[465 152] 
[465 153] 
[466 154] 
[467 155] 
[467 156] 
[468 157] 
[469 158] 
[469 159] 
[470 160] 
[471 161] 
[471 162] 
[472 163] 
[472 164] 
[473 165] 
[473 166] 
[474 167] 
[474 168] 
[475 169] 
[475 170] 
[476 171] 
[476 172] 
[477 173] 
[478 174] 
[478 175] 
[479 176] 
[479 177] 
[480 178] 
[480 179] 
[481 180] 
[481 181] 
[481 182] 
[482 183] 
[483 184] 
[483 185] 
[484 186] 
[484 187] 
[485 188] 
[485 189] 
[485 190] 
[486 191] 
[486 192] 
[487 193] 
[487 194] 
[488 195] 
[488 196] 
[488 197] 
[489 198] 
[489 199] 
[489 200] 
[490 201] 
[490 202] 
[490 203] 
[491 204] 
[491 205] 
[492 206] 
[492 207] 
[492 208] 
[493 209] 
[493 210] 
[493 211] 
[494 212] 
[494 213] 
[494 214] 
[495 215] 
[495 216] 
[495 217] 
[495 218] 
[496 219] 
[496 220] 
[497 221] 
[497 222] 
[497 223] 
[498 224] 
[498 225] 
[498 226] 
[498 227] 
[499 228] 
[499 229] 
[499 230] 
[499 231] 
[500 232] 
[500 233] 
[500 234] 
[501 235] 
[501 236] 
[501 237] 
[501 238] 
[501 239] 
[502 240] 
[502 241] 
[502 242] 
[502 243] 
[502 244] 
[503 245] 
[503 246] 
[503 247] 
[503 248] 
[503 249] 
[504 250] 
[504 251] 
[504 252] 
[504 253] 
[504 254] 
[504 255] 
[505 256] 
[505 257] 
[505 258] 
[505 259] 
[505 260] 
[505 261] 
[505 262] 
[506 263] 
[506 264] 
[506 265] 
[506 266] 
[506 267] 
[506 268] 
[506 269] 
[506 270] 
[507 271] 
[507 272] 
[507 273] 
[507 274] 
[507 275] 
[507 276] 
[507 277] 
[507 278] 
[507 279] 
[507 280] 
[507 281] 
[507 282] 
[508 283] 
[508 284] 
[508 285] 
[508 286] 
[508 287] 
[508 288] 
[508 289] 
[508 290] 
[508 291] 
[508 292] 
[508 293] 
[508 294] 
[508 295] 
[508 296] 
[508 297] 
[508 298] 
[508 299] 
[508 300] 
[508 301] 
[508 302] 
[508 303] 
[508 304] 
[508 305] 
[508 306] 
[508 307] 
[508 308] 
[508 309] 
[508 310] 
[508 311] 
[508 312] 
[508 313] 
[508 314] 
[508 315] 
[508 316] 
[508 317] 
[508 318] 
[507 319] 
[507 320] 
[507 321] 
[507 322] 
[507 323] 
[507 324] 
[507 325] 
[507 326] 
[507 327] 
[507 328] 
[507 329] 
[506 330] 
[506 331] 
[506 332] 
[506 333] 
[506 334] 
[506 335] 
[506 336] 
[505 337] 
[505 338] 
[505 339] 
[505 340] 
[505 341] 
[505 342] 
[505 343] 
[504 344] 
[504 345] 
[504 346] 
[504 347] 
[503 348] 
[503 349] 
[503 350] 
[503 351] 
[503 352] 
[503 353] 
[502 354] 
[502 355] 
[502 356] 
[502 357] 
[501 358] 
[501 359] 
[501 360] 
[501 361] 
[501 362] 
[500 363] 
[500 364] 
[500 365] 
[499 366] 
[499 367] 
[499 368] 
[499 369] 
[498 370] 
[498 371] 
[498 372] 
[497 373] 
[497 374] 
[497 375] 
[496 376] 
[496 377] 
[495 378] 
[495 379] 
[494 380] 
[494 381] 
[494 382] 
[493 383] 
[493 384] 
[493 385] 
[493 386] 
[492 387] 
[492 388] 
[491 389] 
[491 390] 
[490 391] 
[490 392] 
[489 393] 
[489 394] 
[489 395] 
[488 396] 
[488 397] 
[487 398] 
[487 399] 
[486 400] 
[486 401] 
[486 402] 
[485 403] 
[484 404] 
[484 405] 
[484 406] 
[483 407] 
[482 408] 
[482 409] 
[481 410] 
[481 411] 
[480 412] 
[480 413] 
[479 414] 
[478 415] 
[478 416] 
[477 417] 
[477 418] 
[476 419] 
[475 420] 
[475 421] 
[474 422] 
[474 423] 
[473 424] 
[472 425] 
[472 426] 
[471 427] 
[470 428] 
[470 429] 
[469 430] 
[469 431] 
[468 432] 
[467 433] 
[466 434] 
[466 435] 
[465 436] 
[464 437] 
[463 438] 
[463 439] 
[462 440] 
[461 441] 
[460 442] 
[460 443] 
[459 444] 
[458 445] 
[457 446] 
[456 447] 
[456 448] 
[455 449] 
[454 450] 
[453 451] 
[452 452] 
[451 453] 
[450 454] 
[449 455] 
[448 456] 
[447 457] 
[447 458] 
[446 459] 
[445 460] 
[444 461] 
[443 462] 
[442 463] 
[441 464] 
[440 465] 
[439 466] 
[438 467] 
[437 468] 
[436 469] 
[435 470] 
[434 471] 
[433 472] 
[432 473] 
[431 474] 
[430 475] 
[429 476] 
[428 476] 
[427 477] 
[426 478] 
[425 479] 
[424 480] 
[423 481] 
[422 482] 
[421 482] 
[420 483] 
[419 484] 
[418 485] 
[417 486] 
[416 486] 
[415 487] 
[414 488] 
[413 489] 
[412 490] 
[411 490] 
[410 491] 
[409 492] 
[408 492] 
[407 493] 
[406 494] 
[405 494] 
[404 495] 
[403 496] 
[402 496] 
[401 497] 
[400 498] 
[399 498] 
[398 499] 
[397 500] 
[396 500] 
[395 501] 
[394 502] 
[393 502] 
[392 503] 
[391 503] 
[390 504] 
[389 505] 
[388 505] 
[387 506] 
[386 506] 
[385 507] 
[384 508] 
[383 508] 
[382 508] 
[381 509] 
[380 510] 
[379 510] 
[378 511] 
[377 511] 
[376 512] 
[375 512] 
[374 513] 
[373 513] 
[372 514] 
[371 514] 
[370 515] 
[369 515] 
[368 516] 
[367 516] 
[366 517] 
[365 517] 
[364 518] 
[363 518] 
[362 518] 
[361 519] 
[360 520] 
[359 520] 
[358 520] 
[357 521] 
[356 521] 
[355 521] 
[354 522] 
[353 522] 
[352 523] 
[351 523] 
[350 523] 
[349 524] 
[348 524] 
[347 525] 
[346 525] 
[345 525] 
[344 526] 
[343 526] 
[342 526] 
[341 527] 
[340 527] 
[339 528] 
[338 528] 
[337 528] 
[336 528] 
[335 529] 
[334 529] 
[333 529] 
[332 530] 
[331 530] 
[330 530] 
[329 530] 
[328 531] 
[327 531] 
[326 531] 
[325 532] 
[324 532] 
[323 532] 
[322 532] 
[321 532] 
[320 533] 
[319 533] 
[318 533] 
[317 533] 
[316 534] 
[315 534] 
[314 534] 
[313 534] 
[312 535] 
[311 535] 
[310 535] 
[309 535] 
[308 535] 
[307 535] 
[306 536] 
[305 536] 
[304 536] 
[303 536] 
[302 537] 
[301 537] 
[300 537] 
[299 537] 
[298 537] 
[297 537] 
[296 537] 
[295 537] 
[294 538] 
[293 538] 
[292 538] 
[291 538] 
[290 538] 
[289 538] 
[288 538] 
[287 538] 
[286 539] 
[285 539] 
[284 539] 
[283 539] 
[282 539] 
[281 539] 
[280 539] 
[279 539] 
[278 539] 
[277 539] 
[276 539] 
[275 540] 
[274 539] 
[273 540] 
[272 539] 
[271 539] 
[270 540] 
[269 540] 
[268 540] 
[267 540] 
[266 540] 
[265 540] 
[264 540] 
[263 540] 
[262 540] 
[261 540] 
[260 540] 
[259 540] 
[258 540] 
[257 540] 
[256 540] 
[255 540] 
[254 540] 
[253 540] 
[252 540] 
[251 540] 
[250 540] 
[249 540] 
[248 540] 
[247 539] 
[246 539] 
[245 539] 
[244 539] 
[243 539] 
[242 539] 
[241 539] 
[240 539] 
[239 539] 
[238 539] 
[237 539] 
[236 539] 
[235 539] 
[234 538] 
[233 538] 
[232 538] 
[231 538] 
[230 538] 
[229 538] 
[228 537] 
[227 537] 
[226 537] 
[225 537] 
[224 537] 
[223 537] 
[222 537] 
[221 536] 
[220 536] 
[219 536] 
[218 536] 
[217 535] 
[216 535] 
[215 535] 
[214 535] 
[213 535] 
[212 534] 
[211 534] 
[210 534] 
[209 533] 
[208 533] 
[207 533] 
[206 533] 
[205 532] 
[204 532] 
[203 532] 
[202 531] 
[201 531] 
[200 531] 
[199 531] 
[198 530] 
[197 530] 
[196 530] 
[195 529] 
[194 529] 
[193 529] 
[192 528] 
[191 528] 
[190 528] 
[189 527] 
[188 527] 
[187 526] 
[186 526] 
[185 525] 
[184 525] 
[183 525] 
[182 524] 
[181 524] 
[180 524] 
[179 523] 
[178 523] 
[177 522] 
[176 522] 
[175 521] 
[174 521] 
[173 520] 
[172 520] 
[171 520] 
[170 519] 
[169 518] 
[168 518] 
[167 518] 
[166 517] 
[165 517] 
[164 516] 
[163 516] 
[162 515] 
[161 515] 
[160 514] 
[159 513] 
[158 513] 
[157 512] 
[156 512] 
[155 511] 
[154 511] 
[153 510] 
[152 509] 
[151 509] 
[150 508] 
[149 508] 
[148 507] 
[147 506] 
[146 505] 
[145 505] 
[144 504] 
[143 504] 
[142 503] 
[141 502] 
[140 502] 
[139 501] 
[138 500] 
[137 499] 
[136 499] 
[135 498] 
[134 497] 
[133 496] 
[132 496] 
[131 495] 
[130 494] 
[129 493] 
[128 493] 
[127 492] 
[126 491] 
[125 490] 
[124 489] 
[123 488] 
[122 488] 
[121 487] 
[120 486] 
[119 485] 
[118 484] 
[117 483] 
[116 482] 
[115 481] 
[114 481] 
[113 480] 
[112 479] 
[111 478] 
[110 477] 
[110 476] 
[109 475] 
[108 474] 
[107 473] 
[106 472] 
[105 471] 
[104 470] 
[103 469] 
[102 468] 
[101 467] 
[100 466] 
[ 99 465] 
[ 98 464] 
[ 97 463] 
[ 97 462] 
[ 96 461] 
[ 95 460] 
[ 94 459] 
[ 93 458] 
[ 92 457] 
[ 91 456] 
[ 91 455] 
[ 90 454] 
[ 89 453] 
[ 88 452] 
[ 88 451] 
[ 87 450] 
[ 86 449] 
[ 85 448] 
[ 84 447] 
[ 84 446] 
[ 83 445] 
[ 82 444] 
[ 82 443] 
[ 81 442] 
[ 80 441] 
[ 79 440] 
[ 79 439] 
[ 78 438] 
[ 77 437] 
[ 77 436] 
[ 76 435] 
[ 76 434] 
[ 75 433] 
[ 74 432] 
[ 74 431] 
[ 73 430] 
[ 73 429] 
[ 72 428] 
[ 71 427] 
[ 71 426] 
[ 70 425] 
[ 69 424] 
[ 69 423] 
[ 68 422] 
[ 68 421] 
[ 67 420] 
[ 67 419] 
[ 66 418] 
[ 65 417] 
[ 65 416] 
[ 65 415] 
[ 64 414] 
[ 64 413] 
[ 63 412] 
[ 63 411] 
[ 62 410] 
[ 62 409] 
[ 61 408] 
[ 61 407] 
[ 60 406] 
[ 60 405] 
[ 59 404] 
[ 59 403] 
[ 59 402] 
[ 58 401] 
[ 58 400] 
[ 57 399] 
[ 57 398] 
[ 57 397] 
[ 56 396] 
[ 56 395] 
[ 55 394] 
[ 55 393] 
[ 54 392] 
[ 54 391] 
[ 54 390] 
[ 53 389] 
[ 53 388] 
[ 52 387] 
[ 52 386] 
[ 52 385] 
[ 51 384] 
[ 51 383] 
[ 51 382] 
[ 50 381] 
[ 50 380] 
[ 50 379] 
[ 49 378] 
[ 49 377] 
[ 49 376] 
[ 48 375] 
[ 48 374] 
[ 48 373] 
[ 47 372] 
[ 47 371] 
[ 47 370] 
[ 47 369] 
[ 46 368] 
[ 46 367] 
[ 46 366] 
[ 46 365] 
[ 45 364] 
[ 45 363] 
[ 45 362] 
[ 45 361] 
[ 44 360] 
[ 44 359] 
[ 44 358] 
[ 44 357] 
[ 44 356] 
[ 43 355] 
[ 43 354] 
[ 43 353] 
[ 43 352] 
[ 42 351] 
[ 42 350] 
[ 42 349] 
[ 41 348] 
[ 41 347] 
[ 41 346] 
[ 41 345] 
[ 41 344] 
[ 41 343] 
[ 41 342] 
[ 41 341] 
[ 40 340] 
[ 40 339] 
[ 40 338] 
[ 40 337] 
[ 39 336] 
[ 39 335] 
[ 39 334] 
[ 39 333] 
[ 39 332] 
[ 39 331] 
[ 39 330] 
[ 39 329] 
[ 38 328] 
[ 38 327] 
[ 38 326] 
[ 38 325] 
[ 38 324] 
[ 38 323] 
[ 38 322] 
[ 38 321] 
[ 38 320] 
[ 38 319] 
[ 38 318] 
[ 37 317] 
[ 37 316] 
[ 37 315] 
[ 37 314] 
[ 37 313] 
[ 37 312] 
[ 37 311] 
[ 37 310] 
[ 37 309] 
[ 37 308] 
[ 37 307] 
[ 37 306] 
[ 37 305] 
[ 37 304] 
[ 37 303] 
[ 37 302] 
[ 37 301] 
[ 37 300] 
[ 37 299] 
[ 37 298] 
[ 37 297] 
[ 37 296] 
[ 37 295] 
[ 37 294] 
[ 37 293] 
[ 37 292] 
[ 37 291] 
[ 37 290] 
[ 37 289] 
[ 37 288] 
[ 37 287] 
[ 38 286] 
[ 38 285] 
[ 38 284] 
[ 38 283] 
[ 38 282] 
[ 38 281] 
[ 38 280] 
[ 38 279] 
[ 38 278] 
[ 38 277] 
[ 39 276] 
[ 39 275] 
[ 39 274] 
[ 39 273] 
[ 39 272] 
[ 39 271] 
[ 39 270] 
[ 40 269] 
[ 40 268] 
[ 40 267] 
[ 40 266] 
[ 40 265] 
[ 41 264] 
[ 41 263] 
[ 41 262] 
[ 41 261] 
[ 41 260] 
[ 41 259] 
[ 41 258] 
[ 42 257] 
[ 42 256] 
[ 42 255] 
[ 43 254] 
[ 43 253] 
[ 43 252] 
[ 43 251] 
[ 44 250] 
[ 44 249] 
[ 44 248] 
[ 44 247] 
[ 45 246] 
[ 45 245] 
[ 45 244] 
[ 46 243] 
[ 46 242] 
[ 46 241] 
[ 46 240] 
[ 47 239] 
[ 47 238] 
[ 47 237] 
[ 47 236] 
[ 48 235] 
[ 48 234] 
[ 49 233] 
[ 49 232] 
[ 49 231] 
[ 50 230] 
[ 50 229] 
[ 50 228] 
[ 51 227] 
[ 51 226] 
[ 52 225] 
[ 52 224] 
[ 52 223] 
[ 53 222] 
[ 53 221] 
[ 54 220] 
[ 54 219] 
[ 54 218] 
[ 55 217] 
[ 55 216] 
[ 56 215] 
[ 56 214] 
[ 57 213] 
[ 58 212] 
[ 58 211] 
[ 58 210] 
[ 59 209] 
[ 59 208] 
[ 60 207] 
[ 60 206] 
[ 61 205] 
[ 62 204] 
[ 62 203] 
[ 63 202] 
[ 63 201] 
[ 64 200] 
[ 64 199] 
[ 65 198] 
[ 65 197] 
[ 66 196] 
[ 67 195] 
[ 67 194] 
[ 68 193] 
[ 69 192] 
[ 69 191] 
[ 70 190] 
[ 71 189] 
[ 71 188] 
[ 72 187] 
[ 73 186] 
[ 73 185] 
[ 74 184] 
[ 75 183] 
[ 75 182] 
[ 76 181] 
[ 77 180] 
[ 78 179] 
[ 78 178] 
[ 79 177] 
[ 80 176] 
[ 81 175] 
[ 82 174] 
[ 82 173] 
[ 83 172] 
[ 84 171] 
[ 85 170] 
[ 86 169] 
[ 87 168] 
[ 88 167] 
[ 89 166] 
[ 89 165] 
[ 90 164] 
[ 91 163] 
[ 92 162] 
[ 93 161] 
[ 94 160] 
[ 95 159] 
[ 96 158] 
[ 97 157] 
[ 98 156] 
[ 99 155] 
[100 154] 
[101 153] 
[102 152] 
[103 151] 
[104 150] 
[105 149] 
[106 149] 
[107 148] 
[108 147] 
[109 146] 
[110 145] 
[111 144] 
[112 143] 
[113 142] 
[114 141] 
[115 141] 
[116 140] 
[117 139] 
[118 138] 
[119 137] 
[120 136] 
[121 136] 
[122 135] 
[123 134] 
[124 134] 
[124 133] 
[125 132] 
[126 132] 
[127 131] 
[128 131] 
[129 130] 
[130 129] 
[131 128] 
[132 128] 
[133 127] 
[134 127] 
[135 126] 
[136 125] 
[137 124] 
[138 124] 
[139 123] 
[140 123] 
[141 122] 
[142 121] 
[143 121] 
[144 120] 
[145 120] 
[146 119] 
[147 119] 
[148 118] 
[149 118] 
[150 117] 
[151 116] 
[152 116] 
[153 115] 
[154 115] 
[155 114] 
[156 114] 
[157 113] 
[158 113] 
[159 112] 
[160 112] 
[161 111] 
[162 111] 
[163 110] 
[164 110] 
[165 109] 
[166 109] 
[167 108] 
[168 108] 
[169 108] 
[170 107] 
[171 107] 
[172 106] 
[173 106] 
[174 106] 
[175 105] 
[176 105] 
[177 104] 
[178 104] 
[179 104] 
[180 103] 
[181 103] 
[182 102] 
[183 102] 
[184 101] 
[185 101] 
[186 101] 
[187 100] 
[188 100] 
[189 100] 
[190 100] 
[191  99] 
[192  99] 
[193  99] 
[194  98] 
[195  98] 
[196  98] 
[197  97] 
[198  97] 
[199  97] 
[200  97] 
[201  96] 
[202  96] 
[203  96] 
[204  95] 
[205  95] 
[206  95] 
[207  95] 
[208  94] 
[209  94] 
[210  94] 
[211  94] 
[212  94] 
[213  93] 
[214  93] 
[215  93] 
[216  93] 
[217  93] 
[218  92] 
[219  92] 
[220  92] 
[221  91] 
[222  91] 
[223  91] 
[224  91] 
[225  91] 
[226  91] 
[227  91] 
[228  91] 
[229  91] 
[230  91] 
[231  90] 
[232  90] 
[233  90] 
[234  90] 
[235  90] 
[236  89] 
[237  89] 
[238  89] 
[239  89] 
[240  89] 
[241  89] 
[242  89] 
[243  89] 
[244  89] 
[245  89] 
[246  89] 
[247  89] 
[248  89] 
[249  89] 
[250  89] 
[251  89] 
[252  89] 
[253  89] 
[254  89] 
[255  89] 
[256  89] 
[257  88] 
[258  89] 
[259  89] 
[260  89] 
[261  89] 
[262  89] 
[263  89] 
[264  89] 
[265  89] 
[266  89] 
[267  89] 
[268  89] 
[269  89] 
[270  89] 
[271  89] 
[272  89] 
[273  89] 
[274  89] 
[275  89] 
[276  89] 
[277  89] 
[278  89] 
[279  89] 
[280  89] 
[281  89] 
[282  89] 
[283  90] 
[284  90] 
[285  90] 
[286  90] 
[287  91] 
[288  91] 
[289  91] 
[290  91] 
[291  91] 
[292  91] 
[293  91] 
[294  91] 
[295  91] 
[296  92] 
[297  92] 
[298  92] 
[299  93] 
[300  93] 
[301  93] 
[302  93] 
[303  93] 
[304  94] 
[305  94] 
[306  94] 
[307  94] 
[308  95] 
[309  95] 
[310  95] 
[311  95] 
[312  96] 
[313  96] 
[314  96] 
[315  97] 
[316  97] 
[317  97] 
[318  97] 
[319  98] 
[320  98] 
[321  98] 
[322  99] 
[323  99] 
[324  99] 
[325 100] 
[326 100] 
[327 101] 
[328 101] 
[329 101] 
[330 102] 
[331 102] 
[332 103] 
[333 103] 
[334 104] 
[335 104] 
[336 104] 
[337 104] 
[338 105] 
[339 106] 
[340 106] 
[341 107] 
[342 107] 
[343 108] 
[344 108] 
[345 109] 
[346 109] 
[347 110] 
[348 110] 
[349 111] 
[350 111] 
[351 112] 
[352 113] 
[353 113] 
[354 114] 
[355 114] 
[356 115] 
[357 116] 
[358 116] 
[359 117] 
[360 117] 
[361 118] 
[362 119] 
[363 119] 
[364 120] 
[365 121] 
[366 121] 
[367 122] 
[368 123] 
[369 124] 
[370 124] 
[371 125] 
[372 126] 
[373 127] 
[374 128] 
[375 128] 
[376 129] 
[377 130] 
[378 131] 
[379 131] 
[380 132] 
[381 133] 
[382 134] 
[383 135] 
[384 136] 
[385 137] 
[386 138] 
[387 139] 
[388 140] 
[389 141] 
[390 141] 
[391 142] 
[391 143] 
[392 144] 
[393 145] 
[394 146] 
[395 147] 
[396 148] 
[397 149] 
[398 150] 
[399 151] 
[400 152] 
[401 153] 
[402 154] 
[403 155] 
[403 156] 
[404 157] 
[405 158] 
[406 159] 
[407 160] 
[408 161] 
[408 162] 
[409 163] 
[410 164] 
[411 165] 
[412 166] 
[412 167] 
[413 168] 
[414 169] 
[415 170] 
[415 171] 
[416 172] 
[417 173] 
[417 174] 
[418 175] 
[419 176] 
[420 177] 
[420 178] 
[421 179] 
[421 180] 
[422 181] 
[422 182] 
[423 183] 
[424 184] 
[424 185] 
[425 186] 
[426 187] 
[426 188] 
[427 189] 
[427 190] 
[428 191] 
[428 192] 
[429 193] 
[430 194] 
[430 195] 
[431 196] 
[431 197] 
[432 198] 
[432 199] 
[433 200] 
[433 201] 
[433 202] 
[434 203] 
[434 204] 
[435 205] 
[435 206] 
[436 207] 
[436 208] 
[437 209] 
[437 210] 
[438 211] 
[438 212] 
[439 213] 
[439 214] 
[439 215] 
[440 216] 
[440 217] 
[441 218] 
[441 219] 
[441 220] 
[442 221] 
[442 222] 
[443 223] 
[443 224] 
[443 225] 
[444 226] 
[444 227] 
[444 228] 
[444 229] 
[445 230] 
[445 231] 
[446 232] 
[446 233] 
[446 234] 
[446 235] 
[447 236] 
[447 237] 
[447 238] 
[448 239] 
[448 240] 
[448 241] 
[448 242] 
[449 243] 
[449 244] 
[449 245] 
[449 246] 
[450 247] 
[450 248] 
[450 249] 
[450 250] 
[451 251] 
[451 252] 
[451 253] 
[451 254] 
[451 255] 
[452 256] 
[452 257] 
[452 258] 
[452 259] 
[452 260] 
[453 261] 
[453 262] 
[453 263] 
[453 264] 
[454 265] 
[454 266] 
[454 267] 
[454 268] 
[454 269] 
[454 270] 
[455 271] 
[455 272] 
[455 273] 
[455 274] 
[455 275] 
[455 276] 
[455 277] 
[455 278] 
[455 279] 
[456 280] 
[456 281] 
[456 282] 
[456 283] 
[456 284] 
[456 285] 
[456 286] 
[456 287] 
[456 288] 
[456 289] 
[456 290] 
[456 291] 
[456 292] 
[456 293] 
[456 294] 
[456 295] 
[456 296] 
[456 297] 
[456 298] 
[456 299] 
[456 300] 
[456 301] 
[456 302] 
[456 303] 
[456 304] 
[456 305] 
[456 306] 
[456 307] 
[456 308] 
[456 309] 
[456 310] 
[456 311] 
[456 312] 
[456 313] 
[456 314] 
[456 315] 
[456 316] 
[456 317] 
[456 318] 
[456 319] 
[455 320] 
[455 321] 
[455 322] 
[455 323] 
[455 324] 
[455 325] 
[455 326] 
[455 327] 
[454 328] 
[454 329] 
[454 330] 
[454 331] 
[454 332] 
[454 333] 
[454 334] 
[453 335] 
[453 336] 
[453 337] 
[452 338] 
[452 339] 
[452 340] 
[452 341] 
[451 342] 
[451 343] 
[451 344] 
[451 345] 
[450 346] 
[450 347] 
[450 348] 
[450 349] 
[449 350] 
[449 351] 
[449 352] 
[449 353] 
[448 354] 
[448 355] 
[448 356] 
[448 357] 
[447 358] 
[447 359] 
[446 360] 
[446 361] 
[446 362] 
[445 363] 
[445 364] 
[444 365] 
[444 366] 
[444 367] 
[444 368] 
[443 369] 
[443 370] 
[442 371] 
[442 372] 
[441 373] 
[441 374] 
[441 375] 
[440 376] 
[439 377] 
[439 378] 
[439 379] 
[438 380] 
[437 381] 
[437 382] 
[436 383] 
[436 384] 
[435 385] 
[435 386] 
[434 387] 
[434 388] 
[433 389] 
[433 390] 
[432 391] 
[432 392] 
[431 393] 
[431 394] 
[430 395] 
[429 396] 
[428 397] 
[428 398] 
[427 399] 
[427 400] 
[426 401] 
[425 402] 
[424 403] 
[424 404] 
[423 405] 
[422 406] 
[422 407] 
[421 408] 
[420 409] 
[419 410] 
[419 411] 
[418 412] 
[417 413] 
[416 414] 
[415 415] 
[415 416] 
[414 417] 
[413 418] 
[412 419] 
[411 420] 
[410 421] 
[409 422] 
[408 423] 
[407 424] 
[406 425] 
[405 426] 
[404 427] 
[403 428] 
[402 429] 
[401 430] 
[400 431] 
[399 432] 
[398 433] 
[397 434] 
[396 435] 
[395 436] 
[394 436] 
[394 437] 
[393 438] 
[392 438] 
[391 439] 
[390 440] 
[389 441] 
[388 442] 
[387 443] 
[386 443] 
[385 444] 
[384 445] 
[383 446] 
[382 447] 
[381 447] 
[380 448] 
[379 449] 
[378 450] 
[377 450] 
[376 451] 
[375 451] 
[374 452] 
[373 453] 
[372 453] 
[371 454] 
[370 455] 
[369 455] 
[368 456] 
[367 457] 
[366 457] 
[365 458] 
[364 458] 
[363 459] 
[362 460] 
[361 460] 
[360 461] 
[359 461] 
[358 462] 
[357 462] 
[356 463] 
[355 464] 
[354 464] 
[353 465] 
[352 465] 
[351 466] 
[350 466] 
[349 467] 
[348 467] 
[347 468] 
[346 468] 
[345 468] 
[344 469] 
[343 469] 
[342 470] 
[341 470] 
[340 471] 
[339 471] 
[338 472] 
[337 472] 
[336 472] 
[335 473] 
[334 473] 
[333 473] 
[332 473] 
[331 474] 
[330 475] 
[329 475] 
[328 475] 
[327 476] 
[326 476] 
[325 476] 
[324 477] 
[323 477] 
[322 477] 
[321 478] 
[320 478] 
[319 478] 
[318 478] 
[317 479] 
[316 479] 
[315 479] 
[314 480] 
[313 480] 
[312 480] 
[311 481] 
[310 481] 
[309 481] 
[308 481] 
[307 481] 
[306 482] 
[305 482] 
[304 482] 
[303 482] 
[302 483] 
[301 483] 
[300 483] 
[299 483] 
[298 483] 
[297 483] 
[296 484] 
[295 484] 
[294 484] 
[293 484] 
[292 485] 
[291 485] 
[290 485] 
[289 485] 
[288 485] 
[287 485] 
[286 485] 
[285 485] 
[284 485] 
[283 486] 
[282 486] 
[281 486] 
[280 486] 
[279 486] 
[278 486] 
[277 486] 
[276 486] 
[275 486] 
[274 486] 
[273 486] 
[272 487] 
[271 487] 
[270 487] 
[269 487] 
[268 487] 
[267 487] 
[266 487] 
[265 487] 
[264 487] 
[263 487] 
[262 487] 
[261 487] 
[260 487] 
[259 487] 
[258 487] 
[257 487] 
[256 487] 
[255 487] 
[254 487] 
[253 487] 
[252 487] 
[251 487] 
[250 487] 
[249 486] 
[248 487] 
[247 486] 
[246 486] 
[245 486] 
[244 486] 
[243 486] 
[242 486] 
[241 486] 
[240 486] 
[239 486] 
[238 485] 
[237 485] 
[236 485] 
[235 485] 
[234 485] 
[233 485] 
[232 484] 
[231 484] 
[230 484] 
[229 484] 
[228 483] 
[227 483] 
[226 483] 
[225 483] 
[224 483] 
[223 483] 
[222 482] 
[221 482] 
[220 482] 
[219 481] 
[218 481] 
[217 481] 
[216 481] 
[215 480] 
[214 480] 
[213 480] 
[212 479] 
[211 479] 
[210 479] 
[209 478] 
[208 478] 
[207 478] 
[206 477] 
[205 477] 
[204 476] 
[203 476] 
[202 476] 
[201 475] 
[200 475] 
[199 475] 
[198 474] 
[197 474] 
[196 473] 
[195 473] 
[194 472] 
[193 472] 
[192 471] 
[191 471] 
[190 470] 
[189 470] 
[188 469] 
[187 469] 
[186 468] 
[185 468] 
[184 468] 
[183 467] 
[182 466] 
[181 465] 
[180 465] 
[179 464] 
[178 463] 
[177 463] 
[176 462] 
[175 462] 
[174 461] 
[173 460] 
[172 460] 
[171 459] 
[170 459] 
[169 458] 
[168 457] 
[167 457] 
[166 456] 
[165 455] 
[164 454] 
[163 453] 
[162 453] 
[161 452] 
[160 451] 
[159 450] 
[158 450] 
[157 449] 
[156 448] 
[155 447] 
[154 446] 
[153 445] 
[152 444] 
[151 443] 
[150 443] 
[149 442] 
[148 441] 
[148 440] 
[147 440] 
[146 439] 
[145 438] 
[144 437] 
[143 436] 
[142 435] 
[142 434] 
[141 434] 
[140 433] 
[140 432] 
[139 431] 
[138 430] 
[137 429] 
[136 428] 
[135 427] 
[134 426] 
[134 425] 
[133 425] 
[132 424] 
[132 423] 
[131 422] 
[130 421] 
[129 420] 
[129 419] 
[128 418] 
[127 417] 
[126 416] 
[126 415] 
[125 414] 
[124 413] 
[123 412] 
[123 411] 
[122 410] 
[121 409] 
[121 408] 
[120 407] 
[120 406] 
[119 405] 
[119 404] 
[118 403] 
[117 402] 
[117 401] 
[116 400] 
[116 399] 
[115 398] 
[115 397] 
[114 396] 
[114 395] 
[113 394] 
[112 393] 
[112 392] 
[111 391] 
[111 390] 
[111 389] 
[110 388] 
[109 387] 
[109 386] 
[109 385] 
[108 384] 
[108 383] 
[107 382] 
[107 381] 
[106 380] 
[106 379] 
[106 378] 
[105 377] 
[104 376] 
[104 375] 
[104 374] 
[104 373] 
[103 372] 
[103 371] 
[102 370] 
[102 369] 
[102 368] 
[101 367] 
[101 366] 
[101 365] 
[100 364] 
[ 99 363] 
[ 99 362] 
[ 99 361] 
[ 99 360] 
[ 98 359] 
[ 98 358] 
[ 98 357] 
[ 97 356] 
[ 97 355] 
[ 97 354] 
[ 97 353] 
[ 96 352] 
[ 96 351] 
[ 96 350] 
[ 95 349] 
[ 95 348] 
[ 95 347] 
[ 95 346] 
[ 95 345] 
[ 94 344] 
[ 94 343] 
[ 94 342] 
[ 94 341] 
[ 94 340] 
[ 93 339] 
[ 93 338] 
[ 93 337] 
[ 93 336] 
[ 93 335] 
[ 92 334] 
[ 92 333] 
[ 92 332] 
[ 92 331] 
[ 92 330] 
[ 92 329] 
[ 92 328] 
[ 91 327] 
[ 91 326] 
[ 91 325] 
[ 91 324] 
[ 91 323] 
[ 91 322] 
[ 91 321] 
[ 91 320] 
[ 90 319] 
[ 91 318] 
[ 90 317] 
[ 90 316] 
[ 90 315] 
[ 90 314] 
[ 90 313] 
[ 90 312] 
[ 90 311] 
[ 90 310] 
[ 90 309] 
[ 90 308] 
[ 90 307] 
[ 90 306] 
[ 90 305] 
[ 90 304] 
[ 90 303] 
[ 90 302] 
[ 90 301] 
[ 90 300] 
[ 90 299] 
[ 90 298] 
[ 90 297] 
[ 90 296] 
[ 90 295] 
[ 90 294] 
[ 90 293] 
[ 90 292] 
[ 90 291] 
[ 90 290] 
[ 90 289] 
[ 90 288] 
[ 90 287] 
[ 90 286] 
[ 91 285] 
[ 91 284] 
[ 91 283] 
[ 91 282] 
[ 91 281] 
[ 91 280] 
[ 91 279] 
[ 91 278] 
[ 92 277] 
[ 92 276] 
[ 92 275] 
[ 92 274] 
[ 92 273] 
[ 92 272] 
[ 93 271] 
[ 93 270] 
[ 93 269] 
[ 93 268] 
[ 93 267] 
[ 94 266] 
[ 94 265] 
[ 94 264] 
[ 94 263] 
[ 95 262] 
[ 95 261] 
[ 95 260] 
[ 95 259] 
[ 96 258] 
[ 96 257] 
[ 96 256] 
[ 97 255] 
[ 97 254] 
[ 97 253] 
[ 97 252] 
[ 98 251] 
[ 98 250] 
[ 99 249] 
[ 99 248] 
[ 99 247] 
[ 99 246] 
[100 245] 
[101 244] 
[101 243] 
[101 242] 
[102 241] 
[102 240] 
[103 239] 
[103 238] 
[104 237] 
[104 236] 
[105 235] 
[105 234] 
[106 233] 
[106 232] 
[107 231] 
[107 230] 
[108 229] 
[109 228] 
[109 227] 
[109 226] 
[110 225] 
[111 224] 
[111 223] 
[112 222] 
[112 221] 
[113 220] 
[114 220] 
[114 219] 
[114 218] 
[115 217] 
[116 216] 
[117 215] 
[117 214] 
[118 213] 
[118 212] 
[119 211] 
[120 210] 
[121 209] 
[122 208] 
[122 207] 
[123 206] 
[124 205] 
[125 204] 
[126 203] 
[127 202] 
[127 201] 
[128 200] 
[129 199] 
[130 198] 
[131 197] 
[132 196] 
[133 195] 
[134 194] 
[135 193] 
[136 192] 
[137 191] 
[138 190] 
[139 189] 
[140 188] 
[141 187] 
[142 186] 
[143 185] 
[144 185] 
[145 184] 
[146 183] 
[147 182] 
[148 181] 
[149 181] 
[150 180] 
[151 179] 
[152 179] 
[152 178] 
[153 177] 
[154 177] 
[155 176] 
[156 175] 
[157 175] 
[158 174] 
[159 173] 
[160 173] 
[161 172] 
[162 171] 
[163 171] 
[164 170] 
[165 170] 
[166 169] 
[167 168] 
[168 168] 
[169 167] 
[170 166] 
[171 166] 
[172 166] 
[173 165] 
[174 164] 
[175 164] 
[176 163] 
[177 163] 
[178 162] 
[179 161] 
[180 161] 
[181 161] 
[182 160] 
[183 160] 
[184 159] 
[185 159] 
[186 158] 
[187 158] 
[188 157] 
[189 157] 
[190 156] 
[191 156] 
[192 155] 
[193 155] 
[194 155] 
[195 154] 
[196 154] 
[197 153] 
[198 153] 
[199 153] 
[200 152] 
[201 152] 
[202 151] 
[203 151] 
[204 151] 
[205 150] 
[206 150] 
[207 150] 
[208 149] 
[209 149] 
[210 149] 
[211 149] 
[212 148] 
[213 148] 
[214 148] 
[215 147] 
[216 147] 
[217 147] 
[218 147] 
[219 146] 
[220 146] 
[221 146] 
[222 146] 
[223 146] 
[224 145] 
[225 145] 
[226 145] 
[227 145] 
[228 144] 
[229 144] 
[230 144] 
[231 144] 
[232 144] 
[233 144] 
[234 144] 
[235 143] 
[236 143] 
[237 143] 
[238 143] 
[239 143] 
[240 143] 
[241 142] 
[242 142] 
[243 142] 
[244 142] 
[245 142] 
[246 142] 
[247 142] 
[248 142] 
[249 142] 
[250 142] 
[251 141] 
[252 141] 
[253 141] 
[254 141] 
[255 141] 
[256 141] 
[257 141] 
[258 141] 
[259 141] 
[260 141] 
[261 141] 
[262 141] 
[263 141] 
[264 141] 
[265 141] 
[266 141] 
[267 142] 
[268 142] 
[269 142] 
[270 142] 
[271 142] 
[272 142] 
[273 142] 
[274 142] 
[275 142] 
[276 142] 
[277 142] 
[278 143] 
[279 143] 
[280 143] 
[281 143] 
[282 143] 
[283 143] 
[284 144] 
[285 144] 
[286 144] 
[287 144] 
[288 144] 
[289 144] 
[290 145] 
[291 145] 
[292 145] 
[293 145] 
[294 146] 
[295 146] 
[296 146] 
[297 147] 
[298 147] 
[299 147] 
[300 147] 
[301 148] 
[302 148] 
[303 149] 
[304 149] 
[305 149] 
[306 149] 
[307 149] 
[308 150] 
[309 151] 
[310 151] 
[311 151] 
[312 152] 
[313 152] 
[314 153] 
[315 153] 
[316 154] 
[317 154] 
[318 155] 
[319 155] 
[320 155] 
[321 156] 
[322 157] 
[323 157] 
[324 158] 
[325 158] 
[326 159] 
[327 159] 
[328 160] 
[329 161] 
[330 161] 
[331 162] 
[332 162] 
[333 163] 
[334 164] 
[335 164] 
[336 165] 
[337 166] 
[338 166] 
[339 167] 
[340 167] 
[341 168] 
[342 169] 
[343 170] 
[344 171] 
[345 171] 
[346 172] 
[347 173] 
[348 174] 
[349 175] 
[350 175] 
[351 176] 
[351 177] 
[352 177] 
[353 178] 
[354 179] 
[355 180] 
[355 181] 
[356 181] 
[357 182] 
[357 183] 
[358 184] 
[359 185] 
[360 186] 
[361 187] 
[362 188] 
[363 188] 
[364 189] 
[364 190] 
[365 191] 
[366 192] 
[366 193] 
[367 194] 
[368 195] 
[369 196] 
[370 197] 
[371 198] 
[371 199] 
[372 200] 
[373 201] 
[373 202] 
[374 203] 
[375 204] 
[376 205] 
[376 206] 
[377 207] 
[377 208] 
[378 209] 
[379 210] 
[379 211] 
[380 212] 
[381 213] 
[381 214] 
[382 215] 
[382 216] 
[383 217] 
[384 218] 
[384 219] 
[385 220] 
[385 221] 
[386 222] 
[386 223] 
[387 224] 
[387 225] 
[387 226] 
[388 227] 
[388 228] 
[389 229] 
[389 230] 
[390 231] 
[390 232] 
[391 233] 
[391 234] 
[391 235] 
[392 236] 
[392 237] 
[393 238] 
[393 239] 
[394 240] 
[394 241] 
[394 242] 
[394 243] 
[395 244] 
[396 245] 
[396 246] 
[396 247] 
[396 248] 
[397 249] 
[397 250] 
[397 251] 
[398 252] 
[398 253] 
[398 254] 
[398 255] 
[399 256] 
[399 257] 
[399 258] 
[399 259] 
[400 260] 
[400 261] 
[400 262] 
[401 263] 
[401 264] 
[401 265] 
[401 266] 
[401 267] 
[401 268] 
[402 269] 
[402 270] 
[402 271] 
[402 272] 
[402 273] 
[402 274] 
[403 275] 
[403 276] 
[403 277] 
[403 278] 
[403 279] 
[403 280] 
[404 281] 
[404 282] 
[404 283] 
[404 284] 
[404 285] 
[404 286] 
[404 287] 
[404 288] 
[404 289] 
[404 290] 
[404 291] 
[404 292] 
[404 293] 
[404 294] 
[404 295] 
[404 296] 
[404 297] 
[404 298] 
[404 299] 
[404 300] 
[404 301] 
[404 302] 
[404 303] 
[405 304] 
[405 305] 
[404 306] 
[404 307] 
[404 308] 
[404 309] 
[404 310] 
[404 311] 
[404 312] 
[404 313] 
[404 314] 
[404 315] 
[404 316] 
[404 317] 
[403 318] 
[403 319] 
[403 320] 
[403 321] 
[403 322] 
[403 323] 
[402 324] 
[402 325] 
[402 326] 
[402 327] 
[402 328] 
[402 329] 
[401 330] 
[401 331] 
[401 332] 
[400 333] 
[400 334] 
[400 335] 
[400 336] 
[400 337] 
[399 338] 
[399 339] 
[398 340] 
[398 341] 
[398 342] 
[398 343] 
[397 344] 
[397 345] 
[396 346] 
[396 347] 
[396 348] 
[395 349] 
[395 350] 
[394 351] 
[394 352] 
[393 353] 
[393 354] 
[392 355] 
[392 356] 
[391 357] 
[391 358] 
[390 359] 
[390 360] 
[389 361] 
[389 362] 
[388 363] 
[388 364] 
[387 365] 
[386 366] 
[386 367] 
[385 368] 
[384 369] 
[384 370] 
[383 371] 
[383 372] 
[382 373] 
[381 374] 
[380 375] 
[379 376] 
[379 377] 
[378 378] 
[377 379] 
[376 380] 
[376 381] 
[375 382] 
[374 383] 
[373 384] 
[372 385] 
[371 386] 
[370 387] 
[369 388] 
[368 389] 
[368 390] 
[367 391] 
[366 391] 
[366 392] 
[365 393] 
[364 393] 
[363 394] 
[362 395] 
[361 396] 
[360 397] 
[359 398] 
[358 399] 
[357 400] 
[356 400] 
[356 401] 
[355 402] 
[354 402] 
[353 403] 
[352 404] 
[351 404] 
[350 405] 
[349 406] 
[348 407] 
[347 407] 
[346 408] 
[345 409] 
[344 409] 
[343 410] 
[342 410] 
[341 411] 
[340 412] 
[339 412] 
[338 413] 
[337 414] 
[336 414] 
[335 415] 
[334 415] 
[333 416] 
[332 416] 
[331 417] 
[330 417] 
[329 418] 
[328 418] 
[327 419] 
[326 419] 
[325 420] 
[324 420] 
[323 421] 
[322 421] 
[321 421] 
[320 422] 
[319 422] 
[318 423] 
[317 423] 
[316 423] 
[315 424] 
[314 424] 
[313 425] 
[312 425] 
[311 425] 
[310 425] 
[309 426] 
[308 426] 
[307 427] 
[306 427] 
[305 427] 
[304 428] 
[303 428] 
[302 428] 
[301 428] 
[300 429] 
[299 429] 
[298 429] 
[297 429] 
[296 430] 
[295 430] 
[294 430] 
[293 430] 
[292 431] 
[291 431] 
[290 431] 
[289 431] 
[288 431] 
[287 431] 
[286 432] 
[285 432] 
[284 432] 
[283 432] 
[282 432] 
[281 432] 
[280 432] 
[279 433] 
[278 433] 
[277 433] 
[276 433] 
[275 433] 
[274 433] 
[273 433] 
[272 433] 
[271 433] 
[270 433] 
[269 433] 
[268 434] 
[267 434] 
[266 434] 
[265 434] 
[264 434] 
[263 434] 
[262 434] 
[261 434] 
[260 434] 
[259 434] 
[258 434] 
[257 434] 
[256 434] 
[255 434] 
[254 433] 
[253 434] 
[252 434] 
[251 434] 
[250 434] 
[249 433] 
[248 433] 
[247 433] 
[246 433] 
[245 433] 
[244 433] 
[243 433] 
[242 432] 
[241 432] 
[240 432] 
[239 432] 
[238 432] 
[237 431] 
[236 431] 
[235 431] 
[234 431] 
[233 431] 
[232 430] 
[231 430] 
[230 430] 
[229 430] 
[228 429] 
[227 429] 
[226 428] 
[225 428] 
[224 428] 
[223 428] 
[222 427] 
[221 426] 
[220 426] 
[219 426] 
[218 425] 
[217 425] 
[216 425] 
[215 424] 
[214 424] 
[213 423] 
[212 423] 
[211 422] 
[210 421] 
[209 421] 
[208 421] 
[207 420] 
[206 419] 
[205 419] 
[204 418] 
[203 417] 
[202 417] 
[201 416] 
[200 415] 
[199 415] 
[198 414] 
[197 413] 
[196 412] 
[195 412] 
[194 411] 
[193 410] 
[192 409] 
[191 408] 
[190 408] 
[189 407] 
[189 406] 
[188 406] 
[187 405] 
[186 404] 
[185 403] 
[184 402] 
[183 401] 
[182 400] 
[181 399] 
[180 398] 
[179 397] 
[178 396] 
[177 395] 
[177 394] 
[176 393] 
[175 392] 
[174 391] 
[173 390] 
[172 389] 
[172 388] 
[171 387] 
[170 386] 
[169 385] 
[169 384] 
[168 383] 
[167 382] 
[167 381] 
[166 380] 
[165 379] 
[164 378] 
[164 377] 
[164 376] 
[163 375] 
[162 374] 
[162 373] 
[161 372] 
[161 371] 
[160 370] 
[159 369] 
[159 368] 
[159 367] 
[158 366] 
[157 365] 
[157 364] 
[157 363] 
[156 362] 
[155 361] 
[155 360] 
[155 359] 
[154 358] 
[154 357] 
[153 356] 
[153 355] 
[152 354] 
[152 353] 
[152 352] 
[151 351] 
[151 350] 
[150 349] 
[150 348] 
[150 347] 
[150 346] 
[149 345] 
[149 344] 
[149 343] 
[148 342] 
[148 341] 
[148 340] 
[147 339] 
[147 338] 
[147 337] 
[147 336] 
[147 335] 
[146 334] 
[146 333] 
[146 332] 
[146 331] 
[145 330] 
[145 329] 
[144 328] 
[144 327] 
[144 326] 
[144 325] 
[144 324] 
[144 323] 
[144 322] 
[144 321] 
[144 320] 
[144 319] 
[144 318] 
[143 317] 
[143 316] 
[143 315] 
[142 314] 
[142 313] 
[142 312] 
[142 311] 
[142 310] 
[142 309] 
[142 308] 
[142 307] 
[142 306] 
[142 305] 
[142 304] 
[142 303] 
[142 302] 
[142 301] 
[142 300] 
[142 299] 
[142 298] 
[142 297] 
[142 296] 
[142 295] 
[142 294] 
[142 293] 
[142 292] 
[142 291] 
[142 290] 
[143 289] 
[143 288] 
[143 287] 
[144 286] 
[144 285] 
[144 284] 
[144 283] 
[144 282] 
[144 281] 
[144 280] 
[144 279] 
[145 278] 
[145 277] 
[146 276] 
[146 275] 
[146 274] 
[147 273] 
[147 272] 
[147 271] 
[147 270] 
[148 269] 
[148 268] 
[148 267] 
[149 266] 
[149 265] 
[149 264] 
[150 263] 
[150 262] 
[151 261] 
[151 260] 
[151 259] 
[152 258] 
[153 257] 
[153 256] 
[153 255] 
[154 254] 
[154 253] 
[155 252] 
[156 251] 
[157 250] 
[157 249] 
[157 248] 
[158 247] 
[159 246] 
[160 245] 
[161 244] 
[161 243] 
[162 242] 
[163 241] 
[163 240] 
[164 239] 
[165 238] 
[166 237] 
[167 236] 
[167 235] 
[168 234] 
[169 234] 
[169 233] 
[170 232] 
[171 231] 
[172 230] 
[173 229] 
[174 228] 
[175 228] 
[175 227] 
[176 226] 
[177 226] 
[178 225] 
[179 224] 
[180 224] 
[180 223] 
[181 222] 
[182 221] 
[183 221] 
[184 220] 
[185 220] 
[186 219] 
[187 218] 
[188 217] 
[189 216] 
[190 215] 
[191 215] 
[192 214] 
[193 214] 
[194 213] 
[195 212] 
[196 212] 
[197 211] 
[198 210] 
[199 210] 
[200 210] 
[201 209] 
[202 208] 
[203 208] 
[204 208] 
[205 207] 
[206 207] 
[207 206] 
[208 205] 
[209 205] 
[210 205] 
[211 204] 
[212 204] 
[213 204] 
[214 203] 
[215 203] 
[216 202] 
[217 202] 
[218 201] 
[219 201] 
[220 201] 
[221 201] 
[222 201] 
[223 200] 
[224 200] 
[225 199] 
[226 199] 
[227 199] 
[228 199] 
[229 198] 
[230 198] 
[231 198] 
[232 197] 
[233 197] 
[234 197] 
[235 197] 
[236 197] 
[237 196] 
[238 196] 
[239 196] 
[240 196] 
[241 196] 
[242 196] 
[243 196] 
[244 196] 
[245 195] 
[246 195] 
[247 195] 
[248 195] 
[249 194] 
[250 194] 
[251 194] 
[252 194] 
[253 194] 
[254 194] 
[255 194] 
[256 194] 
[257 194] 
[258 194] 
[259 194] 
[260 194] 
[261 194] 
[262 194] 
[263 194] 
[264 194] 
[265 194] 
[266 194] 
[267 194] 
[268 194] 
[269 194] 
[270 195] 
[271 195] 
[272 195] 
[273 195] 
[274 195] 
[275 195] 
[276 196] 
[277 196] 
[278 196] 
[279 196] 
[280 196] 
[281 197] 
[282 197] 
[283 197] 
[284 197] 
[285 198] 
[286 198] 
[287 199] 
[288 199] 
[289 199] 
[290 200] 
[291 200] 
[292 200] 
[293 201] 
[294 201] 
[295 202] 
[296 202] 
[297 202] 
[298 203] 
[299 204] 
[300 204] 
[301 205] 
[302 205] 
[303 206] 
[304 206] 
[305 207] 
[306 208] 
[307 208] 
[308 209] 
[309 209] 
[310 210] 
[311 211] 
[312 212] 
[313 213] 
[314 214] 
[315 214] 
[316 215] 
[317 216] 
[318 217] 
[319 218] 
[320 219] 
[321 220] 
[322 221] 
[323 222] 
[324 223] 
[325 224] 
[325 225] 
[326 226] 
[327 227] 
[328 228] 
[329 229] 
[329 230] 
[330 231] 
[331 232] 
[331 233] 
[332 234] 
[333 235] 
[334 236] 
[334 237] 
[335 238] 
[336 239] 
[336 240] 
[337 241] 
[337 242] 
[338 243] 
[339 244] 
[339 245] 
[340 246] 
[340 247] 
[341 248] 
[341 249] 
[341 250] 
[342 251] 
[342 252] 
[343 253] 
[343 254] 
[344 255] 
[344 256] 
[344 257] 
[345 258] 
[345 259] 
[345 260] 
[346 261] 
[346 262] 
[346 263] 
[347 264] 
[347 265] 
[347 266] 
[348 267] 
[348 268] 
[348 269] 
[348 270] 
[349 271] 
[349 272] 
[349 273] 
[349 274] 
[350 275] 
[350 276] 
[350 277] 
[351 278] 
[351 279] 
[351 280] 
[351 281] 
[351 282] 
[351 283] 
[351 284] 
[351 285] 
[351 286] 
[351 287] 
[351 288] 
[352 289] 
[352 290] 
[352 291] 
[353 292] 
[353 293] 
[353 294] 
[353 295] 
[353 296] 
[353 297] 
[353 298] 
[353 299] 
[353 300] 
[353 301] 
[353 302] 
[353 303] 
[353 304] 
[353 305] 
[353 306] 
[353 307] 
[352 308] 
[352 309] 
[352 310] 
[352 311] 
[351 312] 
[351 313] 
[351 314] 
[351 315] 
[351 316] 
[351 317] 
[351 318] 
[351 319] 
[350 320] 
[350 321] 
[349 322] 
[349 323] 
[349 324] 
[348 325] 
[348 326] 
[348 327] 
[347 328] 
[347 329] 
[346 330] 
[346 331] 
[346 332] 
[345 333] 
[345 334] 
[344 335] 
[344 336] 
[343 337] 
[342 338] 
[342 339] 
[341 340] 
[341 341] 
[340 342] 
[339 343] 
[338 344] 
[338 345] 
[337 346] 
[336 347] 
[335 348] 
[334 349] 
[334 350] 
[333 351] 
[332 352] 
[331 352] 
[330 353] 
[329 354] 
[328 355] 
[327 356] 
[326 357] 
[325 358] 
[324 359] 
[323 359] 
[323 360] 
[322 361] 
[321 361] 
[320 362] 
[319 363] 
[318 363] 
[317 364] 
[316 365] 
[315 365] 
[314 366] 
[313 367] 
[312 367] 
[311 368] 
[310 368] 
[309 369] 
[308 369] 
[307 370] 
[306 370] 
[305 371] 
[304 371] 
[303 372] 
[302 372] 
[301 373] 
[300 373] 
[299 373] 
[298 374] 
[297 374] 
[296 375] 
[295 375] 
[294 375] 
[293 375] 
[292 376] 
[291 376] 
[290 377] 
[289 377] 
[288 377] 
[287 378] 
[286 378] 
[285 378] 
[284 378] 
[283 378] 
[282 378] 
[281 379] 
[280 379] 
[279 379] 
[278 379] 
[277 380] 
[276 380] 
[275 380] 
[274 380] 
[273 380] 
[272 380] 
[271 380] 
[270 380] 
[269 380] 
[268 380] 
[267 380] 
[266 380] 
[265 380] 
[264 380] 
[263 380] 
[262 380] 
[261 381] 
[260 381] 
[259 380] 
[258 380] 
[257 380] 
[256 380] 
[255 380] 
[254 380] 
[253 380] 
[252 380] 
[251 380] 
[250 380] 
[249 380] 
[248 380] 
[247 379] 
[246 379] 
[245 379] 
[244 378] 
[243 378] 
[242 378] 
[241 378] 
[240 378] 
[239 377] 
[238 376] 
[237 376] 
[236 375] 
[235 375] 
[234 374] 
[233 374] 
[232 373] 
[231 373] 
[230 372] 
[229 371] 
[228 371] 
[227 370] 
[226 369] 
[225 369] 
[224 368] 
[223 367] 
[222 366] 
[221 365] 
[220 364] 
[219 363] 
[218 362] 
[217 361] 
[216 360] 
[215 359] 
[214 358] 
[213 357] 
[213 356] 
[212 355] 
[211 354] 
[211 353] 
[210 352] 
[209 351] 
[209 350] 
[208 349] 
[207 348] 
[207 347] 
[207 346] 
[206 345] 
[205 344] 
[205 343] 
[204 342] 
[204 341] 
[203 340] 
[203 339] 
[202 338] 
[202 337] 
[202 336] 
[202 335] 
[201 335] 
[200 334] 
[200 333] 
[200 332] 
[200 331] 
[199 330] 
[199 329] 
[199 328] 
[198 327] 
[198 326] 
[198 325] 
[198 324] 
[197 323] 
[197 322] 
[197 321] 
[197 320] 
[197 319] 
[197 318] 
[196 317] 
[196 316] 
[196 315] 
[196 314] 
[195 313] 
[195 312] 
[195 311] 
[195 310] 
[195 309] 
[195 308] 
[195 307] 
[195 306] 
[195 305] 
[195 304] 
[195 303] 
[195 302] 
[195 301] 
[195 300] 
[195 299] 
[195 298] 
[195 297] 
[195 296] 
[195 295] 
[195 294] 
[195 293] 
[196 292] 
[196 291] 
[196 290] 
[196 289] 
[197 288] 
[197 287] 
[197 286] 
[197 285] 
[198 284] 
[198 283] 
[198 282] 
[199 281] 
[200 280] 
[200 279] 
[200 278] 
[201 277] 
[202 276] 
[202 275] 
[203 274] 
[204 273] 
[205 272] 
[206 271] 
[206 270] 
[207 269] 
[208 268] 
[209 267] 
[210 266] 
[211 265] 
[212 264] 
[213 263] 
[214 263] 
[215 262] 
[216 261] 
[217 261] 
[218 260] 
[219 259] 
[220 258] 
[221 258] 
[222 257] 
[223 257] 
[224 256] 
[225 255] 
[226 255] 
[227 254] 
[228 254] 
[229 254] 
[230 253] 
[231 252] 
[232 252] 
[233 252] 
[234 252] 
[235 251] 
[236 251] 
[237 251] 
[238 250] 
[239 250] 
[240 250] 
[241 249] 
[242 249] 
[243 249] 
[244 249] 
[245 249] 
[246 248] 
[247 248] 
[248 248] 
[249 248] 
[250 248] 
[251 248] 
[252 248] 
[253 247] 
[254 247] 
[255 247] 
[256 247] 
[257 247] 
[258 247] 
[259 247] 
[260 247] 
[261 247] 
[262 247] 
[263 247] 
[264 247] 
[265 247] 
[266 247] 
[267 248] 
[268 248] 
[269 248] 
[270 248] 
[271 249] 
[272 249] 
[273 249] 
[274 250] 
[275 250] 
[276 251] 
[277 251] 
[278 252] 
[279 252] 
[280 253] 
[281 254] 
[282 255] 
[283 256] 
[284 257] 
[285 258] 
[286 259] 
[287 260] 
[288 261] 
[288 262] 
[289 263] 
[290 264] 
[291 265] 
[291 266] 
[292 267] 
[293 268] 
[293 269] 
[293 270] 
[294 271] 
[295 272] 
[295 273] 
[295 274] 
[296 275] 
[296 276] 
[296 277] 
[297 278] 
[297 279] 
[297 280] 
[298 281] 
[298 282] 
[298 283] 
[298 284] 
[299 285] 
[299 286] 
[299 287] 
[299 288] 
[299 289] 
[300 290] 
[299 291] 
[300 292] 
[300 293] 
[300 294] 
[300 295] 
[300 296] 
[300 297] 
[300 298] 
[301 299] 
[300 300] 
[301 301] 
[301 302] 
[300 303] 
[300 304] 
[300 305] 
[300 306] 
[300 307] 
[299 308] 
[299 309] 
[299 310] 
[298 311] 
[297 312] 
[297 313] 
[296 314] 
[295 315] 
[294 316] 
[293 317] 
[293 318] 
[292 319] 
[291 319] 
[290 320] 
[289 320] 
[288 321] 
[287 322] 
[286 322] 
[285 323] 
[284 323] 
[283 323] 
[282 324] 
[281 324] 
[280 324] 
[279 325] 
[278 325] 
[277 325] 
[276 326] 
[275 326] 
[274 326] 
[273 326] 
[272 327] 
[271 327] 
[270 327] 
[269 327] 
[268 328] 
[267 328] 
[266 328] 
[265 328] 
[264 328] 
[263 328] 
[262 328] 
[261 328] 
[260 328] 
[259 328] 
[258 328] 
[257 328] 
[256 327] 
[255 326] 
[254 326] 
[253 325] 
[253 324] 
[252 323] 
[251 322] 
[251 321] 
[250 320] 
[250 319] 
[250 318] 
[249 317] 
[249 316] 
[249 315] 
[249 314] 
[248 313] 
[248 312] 
[247 311] 
[247 310] 
[247 309] 
[248 308] 
[249 307] 
[249 306] 
[250 305] 
[251 304] 
[252 304] 
[253 303] 
[254 302] 
[255 301] 
[256 301] 
[257 301] 
[258 301] 
[259 300] 
[260 300] 
[261 300] 
[262 300] 
[263 300] 
[264 300] 
[265 299] 
[266 299] 
[267 298] 
[268 297] 
[269 296] 
[270 295] 
[270 294] 
[270 293] 
[271 292] 
[271 291] 
[272 290] 
[272 289] 
[272 288] 
[272 287] 
[272 286] 
[272 285] 
[272 284] 
[272 283] 
[271 282] 
[270 281] 
[270 280] 
[270 279] 
[269 278] 
[268 277] 
[267 276] 
[266 275] 
[265 275] 
[264 275] 
[263 274] 
[262 274] 
[261 274] 
[260 274] 
[259 273] 
[258 273] 
[257 273] 
[256 273] 
[255 273] 
[254 273] 
[253 273] 
[252 274] 
[251 274] 
[250 274] 
[249 275] 
[248 275] 
[247 275] 
[246 275] 
[245 275] 
[244 275] 
[243 276] 
[242 277] 
[241 277] 
[240 277] 
[239 278] 
[238 278] 
[237 279] 
[236 279] 
[235 279] 
[234 280] 
[233 281] 
[232 282] 
[231 282] 
[230 283] 
[229 283] 
[229 284] 
[228 285] 
[227 286] 
[227 287] 
[226 288] 
[225 289] 
[225 290] 
[224 291] 
[224 292] 
[223 293] 
[223 294] 
[223 295] 
[223 296] 
[223 297] 
[223 298] 
[223 299] 
[222 300] 
[222 301] 
[223 302] 
[223 303] 
[223 304] 
[223 305] 
[223 306] 
[223 307] 
[223 308] 
[223 309] 
[223 310] 
[223 311] 
[223 312] 
[223 313] 
[223 314] 
[224 315] 
[224 316] 
[224 317] 
[224 318] 
[224 319] 
[225 320] 
[225 321] 
[225 322] 
[225 323] 
[226 324] 
[226 325] 
[226 326] 
[227 327] 
[227 328] 
[228 329] 
[228 330] 
[228 331] 
[229 332] 
[229 333] 
[230 334] 
[230 335] 
[231 336] 
[231 337] 
[232 337] 
[233 338] 
[233 339] 
[233 340] 
[234 340] 
[235 341] 
[235 342] 
[236 343] 
[237 344] 
[238 344] 
[239 345] 
[240 346] 
[241 347] 
[242 347] 
[243 348] 
[244 349] 
[245 349] 
[246 349] 
[247 350] 
[248 351] 
[249 351] 
[250 351] 
[251 351] 
[252 351] 
[253 352] 
[254 352] 
[255 352] 
[256 352] 
[257 352] 
[258 352] 
[259 352] 
[260 353] 
[261 352] 
[262 352] 
[263 352] 
[264 352] 
[265 352] 
[266 352] 
[267 352] 
[268 352] 
[269 352] 
[270 352] 
[271 352] 
[272 352] 
[273 351] 
[274 351] 
[275 351] 
[276 351] 
[277 351] 
[278 351] 
[279 351] 
[280 350] 
[281 350] 
[282 349] 
[283 349] 
[284 349] 
[285 349] 
[286 349] 
[287 348] 
[288 348] 
[289 347] 
[290 347] 
[291 347] 
[292 347] 
[293 346] 
[294 346] 
[295 345] 
[296 345] 
[297 344] 
[298 344] 
[299 343] 
[300 342] 
[301 342] 
[302 341] 
[303 341] 
[304 340] 
[305 340] 
[306 339] 
[307 338] 
[308 337] 
[309 336] 
[310 336] 
[311 335] 
[312 334] 
[313 333] 
[313 332] 
[314 331] 
[315 330] 
[315 329] 
[316 328] 
[317 327] 
[318 326] 
[318 325] 
[319 324] 
[320 323] 
[320 322] 
[320 321] 
[321 320] 
[322 319] 
[322 318] 
[322 317] 
[322 316] 
[323 315] 
[323 314] 
[323 313] 
[324 312] 
[324 311] 
[324 310] 
[324 309] 
[325 308] 
[325 307] 
[325 306] 
[325 305] 
[325 304] 
[325 303] 
[325 302] 
[325 301] 
[325 300] 
[325 299] 
[325 298] 
[325 297] 
[325 296] 
[325 295] 
[325 294] 
[325 293] 
[325 292] 
[324 291] 
[324 290] 
[324 289] 
[324 288] 
[324 287] 
[324 286] 
[323 285] 
[323 284] 
[323 283] 
[323 282] 
[323 281] 
[323 280] 
[323 279] 
[322 278] 
[322 277] 
[322 276] 
[322 275] 
[321 274] 
[320 273] 
[320 272] 
[320 271] 
[320 270] 
[320 269] 
[319 268] 
[318 267] 
[318 266] 
[318 265] 
[318 264] 
[317 263] 
[317 262] 
[316 261] 
[316 260] 
[315 259] 
[315 258] 
[314 257] 
[314 256] 
[314 255] 
[313 254] 
[312 253] 
[312 252] 
[311 251] 
[310 250] 
[310 249] 
[309 248] 
[309 247] 
[308 246] 
[307 245] 
[306 244] 
[305 243] 
[304 242] 
[303 241] 
[303 240] 
[302 240] 
[301 239] 
[300 238] 
[299 237] 
[298 236] 
[297 235] 
[296 234] 
[295 233] 
[294 232] 
[293 232] 
[292 231] 
[291 231] 
[290 230] 
[289 230] 
[288 229] 
[287 229] 
[286 228] 
[285 228] 
[284 227] 
[283 227] 
[282 226] 
[281 226] 
[280 226] 
[279 225] 
[278 225] 
[277 225] 
[276 224] 
[275 224] 
[274 224] 
[273 224] 
[272 223] 
[271 223] 
[270 223] 
[269 223] 
[268 223] 
[267 223] 
[266 223] 
[265 222] 
[264 222] 
[263 222] 
[262 222] 
[261 222] 
[260 222] 
[259 222] 
[258 222] 
[257 222] 
[256 222] 
[255 222] 
[254 222] 
[253 222] 
[252 223] 
[251 223] 
[250 223] 
[249 223] 
[248 223] 
[247 223] 
[246 223] 
[245 223] 
[244 223] 
[243 224] 
[242 224] 
[241 224] 
[240 225] 
[239 225] 
[238 225] 
[237 225] 
[236 225] 
[235 225] 
[234 226] 
[233 226] 
[232 227] 
[231 227] 
[230 227] 
[229 227] 
[228 228] 
[227 228] 
[226 228] 
[225 228] 
[224 229] 
[223 230] 
[222 230] 
[221 230] 
[220 230] 
[219 231] 
[218 231] 
[217 232] 
[216 232] 
[215 233] 
[214 233] 
[213 233] 
[212 234] 
[211 235] 
[210 236] 
[209 236] 
[208 236] 
[207 237] 
[206 238] 
[205 238] 
[204 239] 
[203 240] 
[202 241] 
[201 241] 
[200 242] 
[199 242] 
[198 243] 
[197 244] 
[196 245] 
[195 246] 
[194 247] 
[193 248] 
[192 249] 
[191 250] 
[190 251] 
[189 252] 
[188 253] 
[188 254] 
[187 255] 
[186 255] 
[186 256] 
[185 257] 
[184 258] 
[184 259] 
[183 260] 
[183 261] 
[182 262] 
[181 263] 
[180 264] 
[180 265] 
[179 266] 
[179 267] 
[178 268] 
[178 269] 
[177 270] 
[177 271] 
[176 272] 
[176 273] 
[175 274] 
[175 275] 
[175 276] 
[175 277] 
[175 278] 
[174 279] 
[173 280] 
[173 281] 
[173 282] 
[173 283] 
[172 284] 
[172 285] 
[172 286] 
[172 287] 
[171 288] 
[171 289] 
[171 290] 
[171 291] 
[171 292] 
[171 293] 
[171 294] 
[171 295] 
[171 296] 
[171 297] 
[170 298] 
[170 299] 
[170 300] 
[170 301] 
[170 302] 
[170 303] 
[170 304] 
[170 305] 
[170 306] 
[171 307] 
[171 308] 
[171 309] 
[171 310] 
[171 311] 
[171 312] 
[171 313] 
[171 314] 
[171 315] 
[171 316] 
[171 317] 
[172 318] 
[172 319] 
[172 320] 
[172 321] 
[172 322] 
[172 323] 
[173 324] 
[173 325] 
[173 326] 
[173 327] 
[173 328] 
[174 329] 
[174 330] 
[175 331] 
[175 332] 
[175 333] 
[175 334] 
[175 335] 
[176 336] 
[176 337] 
[176 338] 
[177 339] 
[177 340] 
[178 341] 
[178 342] 
[178 343] 
[179 344] 
[179 345] 
[179 346] 
[180 347] 
[180 348] 
[181 349] 
[181 350] 
[181 351] 
[182 352] 
[182 353] 
[183 354] 
[183 355] 
[184 356] 
[184 357] 
[185 358] 
[185 359] 
[186 360] 
[186 361] 
[187 362] 
[188 363] 
[188 364] 
[189 365] 
[190 366] 
[190 367] 
[191 368] 
[192 369] 
[192 370] 
[193 371] 
[194 372] 
[195 373] 
[195 374] 
[196 375] 
[197 376] 
[198 377] 
[198 378] 
[199 379] 
[200 379] 
[201 380] 
[201 381] 
[202 382] 
[203 383] 
[204 383] 
[205 384] 
[205 385] 
[206 385] 
[207 386] 
[208 387] 
[209 388] 
[210 388] 
[211 389] 
[212 390] 
[213 391] 
[214 391] 
[215 392] 
[216 393] 
[217 393] 
[218 394] 
[219 394] 
[220 395] 
[221 396] 
[222 396] 
[223 397] 
[224 397] 
[225 398] 
[226 398] 
[227 399] 
[228 399] 
[229 400] 
[230 400] 
[231 400] 
[232 401] 
[233 401] 
[234 402] 
[235 402] 
[236 402] 
[237 403] 
[238 403] 
[239 403] 
[240 403] 
[241 404] 
[242 404] 
[243 404] 
[244 404] 
[245 404] 
[246 404] 
[247 404] 
[248 405] 
[249 405] 
[250 405] 
[251 405] 
[252 405] 
[253 405] 
[254 405] 
[255 405] 
[256 406] 
[257 406] 
[258 406] 
[259 406] 
[260 406] 
[261 406] 
[262 406] 
[263 406] 
[264 406] 
[265 406] 
[266 406] 
[267 406] 
[268 406] 
[269 405] 
[270 405] 
[271 405] 
[272 405] 
[273 405] 
[274 405] 
[275 405] 
[276 405] 
[277 404] 
[278 404] 
[279 404] 
[280 404] 
[281 404] 
[282 404] 
[283 404] 
[284 404] 
[285 403] 
[286 403] 
[287 403] 
[288 403] 
[289 402] 
[290 402] 
[291 402] 
[292 402] 
[293 401] 
[294 401] 
[295 401] 
[296 401] 
[297 400] 
[298 400] 
[299 400] 
[300 399] 
[301 399] 
[302 399] 
[303 398] 
[304 398] 
[305 398] 
[306 397] 
[307 397] 
[308 397] 
[309 396] 
[310 396] 
[311 395] 
[312 395] 
[313 394] 
[314 394] 
[315 394] 
[316 393] 
[317 392] 
[318 392] 
[319 392] 
[320 391] 
[321 390] 
[322 390] 
[323 389] 
[324 389] 
[325 388] 
[326 388] 
[327 387] 
[328 386] 
[329 386] 
[330 385] 
[331 385] 
[332 384] 
[333 383] 
[334 382] 
[335 381] 
[336 381] 
[337 380] 
[338 379] 
[339 379] 
[340 378] 
[341 377] 
[342 376] 
[343 375] 
[344 374] 
[345 374] 
[346 373] 
[347 372] 
[348 371] 
[348 370] 
[349 369] 
[350 368] 
[351 367] 
[352 366] 
[353 365] 
[354 364] 
[355 363] 
[356 362] 
[356 361] 
[357 360] 
[358 359] 
[358 358] 
[359 357] 
[360 356] 
[361 355] 
[361 354] 
[362 353] 
[363 352] 
[363 351] 
[364 350] 
[364 349] 
[365 348] 
[365 347] 
[366 346] 
[366 345] 
[367 344] 
[367 343] 
[368 342] 
[368 341] 
[369 340] 
[369 339] 
[370 338] 
[370 337] 
[370 336] 
[371 335] 
[371 334] 
[371 333] 
[372 332] 
[372 331] 
[372 330] 
[372 329] 
[373 328] 
[373 327] 
[373 326] 
[374 325] 
[374 324] 
[374 323] 
[374 322] 
[375 321] 
[375 320] 
[375 319] 
[375 318] 
[375 317] 
[375 316] 
[376 315] 
[376 314] 
[376 313] 
[376 312] 
[376 311] 
[376 310] 
[376 309] 
[376 308] 
[376 307] 
[376 306] 
[376 305] 
[376 304] 
[376 303] 
[377 302] 
[376 301] 
[377 300] 
[376 299] 
[376 298] 
[376 297] 
[376 296] 
[376 295] 
[376 294] 
[376 293] 
[376 292] 
[376 291] 
[376 290] 
[376 289] 
[376 288] 
[376 287] 
[376 286] 
[376 285] 
[376 284] 
[375 283] 
[375 282] 
[375 281] 
[375 280] 
[375 279] 
[375 278] 
[375 277] 
[374 276] 
[374 275] 
[374 274] 
[374 273] 
[374 272] 
[373 271] 
[373 270] 
[373 269] 
[373 268] 
[373 267] 
[373 266] 
[372 265] 
[372 264] 
[372 263] 
[371 262] 
[371 261] 
[371 260] 
[370 259] 
[370 258] 
[370 257] 
[370 256] 
[370 255] 
[369 254] 
[369 253] 
[368 252] 
[368 251] 
[368 250] 
[367 249] 
[367 248] 
[367 247] 
[366 246] 
[366 245] 
[365 244] 
[365 243] 
[365 242] 
[364 241] 
[363 240] 
[363 239] 
[363 238] 
[362 237] 
[361 236] 
[361 235] 
[361 234] 
[360 233] 
[360 232] 
[359 231] 
[359 230] 
[358 229] 
[358 228] 
[357 227] 
[356 226] 
[356 225] 
[355 224] 
[355 223] 
[354 222] 
[353 221] 
[353 220] 
[352 219] 
[351 218] 
[350 217] 
[350 216] 
[349 215] 
[348 214] 
[348 213] 
[347 212] 
[346 211] 
[345 210] 
[344 209] 
[344 208] 
[343 207] 
[342 206] 
[341 205] 
[340 204] 
[339 203] 
[338 202] 
[337 201] 
[336 200] 
[335 199] 
[334 199] 
[333 198] 
[333 197] 
[332 197] 
[331 196] 
[331 195] 
[330 195] 
[329 194] 
[328 193] 
[327 192] 
[326 192] 
[325 191] 
[324 190] 
[323 189] 
[322 189] 
[321 188] 
[320 187] 
[319 187] 
[318 186] 
[317 185] 
[316 185] 
[315 184] 
[314 184] 
[313 183] 
[312 183] 
[311 182] 
[310 182] 
[309 181] 
[308 180] 
[307 180] 
[306 180] 
[305 179] 
[304 179] 
[303 178] 
[302 178] 
[301 177] 
[300 177] 
[299 177] 
[298 176] 
[297 176] 
[296 175] 
[295 175] 
[294 175] 
[293 175] 
[292 174] 
[291 174] 
[290 174] 
[289 173] 
[288 173] 
[287 173] 
[286 173] 
[285 172] 
[284 172] 
[283 172] 
[282 172] 
[281 172] 
[280 172] 
[279 171] 
[278 171] 
[277 171] 
[276 171] 
[275 171] 
[274 171] 
[273 170] 
[272 170] 
[271 170] 
[270 170] 
[269 170] 
[268 170] 
[267 170] 
[266 170] 
[265 170] 
[264 170] 
[263 170] 
[262 170] 
[261 170] 
[260 170] 
[259 170] 
[258 170] 
[257 170] 
[256 170] 
[255 170] 
[254 170] 
[253 170] 
[252 170] 
[251 170] 
[250 170] 
[249 170] 
[248 170] 
[247 170] 
[246 170] 
[245 171] 
[244 171] 
[243 171] 
[242 171] 
[241 171] 
[240 171] 
[239 171] 
[238 172] 
[237 172] 
[236 172] 
[235 172] 
[234 172] 
[233 172] 
[232 172] 
[231 173] 
[230 173] 
[229 173] 
[228 173] 
[227 173] 
[226 174] 
[225 174] 
[224 174] 
[223 174] 
[222 175] 
[221 175] 
[220 175] 
[219 175] 
[218 176] 
[217 176] 
[216 176] 
[215 177] 
[214 177] 
[213 177] 
[212 178] 
[211 178] 
[210 178] 
[209 178] 
[208 179] 
[207 179] 
[206 180] 
[205 180] 
[204 180] 
[203 181] 
[202 182] 
[201 182] 
[200 182] 
[199 183] 
[198 183] 
[197 184] 
[196 184] 
[195 185] 
[194 185] 
[193 186] 
[192 186] 
[191 187] 
[190 187] 
[189 188] 
[188 188] 
[187 189] 
[186 189] 
[185 190] 
[184 190] 
[183 191] 
[182 191] 
[181 192] 
[180 193] 
[179 193] 
[178 194] 
[177 195] 
[176 195] 
[175 196] 
[174 197] 
[173 197] 
[172 198] 
[171 199] 
[170 200] 
[169 200] 
[168 201] 
[167 202] 
[166 202] 
[165 203] 
[164 204] 
[163 205] 
[162 206] 
[161 207] 
[160 208] 
[159 209] 
[158 209] 
[157 210] 
[156 211] 
[155 212] 
[154 213] 
[153 214] 
[152 215] 
[151 216] 
[150 217] 
[149 218] 
[148 219] 
[148 220] 
[147 221] 
[146 222] 
[145 223] 
[144 224] 
[143 225] 
[143 226] 
[142 227] 
[141 228] 
[140 229] 
[140 230] 
[139 231] 
[138 232] 
[138 233] 
[137 234] 
[136 235] 
[136 236] 
[135 237] 
[135 238] 
[134 239] 
[133 240] 
[133 241] 
[132 242] 
[132 243] 
[131 244] 
[131 245] 
[130 246] 
[130 247] 
[129 248] 
[129 249] 
[128 250] 
[128 251] 
[127 252] 
[127 253] 
[127 254] 
[126 255] 
[126 256] 
[125 257] 
[125 258] 
[125 259] 
[124 260] 
[124 261] 
[124 262] 
[123 263] 
[123 264] 
[123 265] 
[122 266] 
[122 267] 
[122 268] 
[122 269] 
[121 270] 
[121 271] 
[121 272] 
[121 273] 
[121 274] 
[120 275] 
[120 276] 
[120 277] 
[120 278] 
[119 279] 
[119 280] 
[119 281] 
[119 282] 
[119 283] 
[119 284] 
[119 285] 
[119 286] 
[118 287] 
[118 288] 
[118 289] 
[118 290] 
[118 291] 
[118 292] 
[118 293] 
[118 294] 
[118 295] 
[118 296] 
[118 297] 
[118 298] 
[118 299] 
[118 300] 
[118 301] 
[118 302] 
[118 303] 
[118 304] 
[118 305] 
[118 306] 
[118 307] 
[118 308] 
[118 309] 
[118 310] 
[118 311] 
[118 312] 
[118 313] 
[118 314] 
[118 315] 
[118 316] 
[118 317] 
[119 318] 
[119 319] 
[119 320] 
[119 321] 
[119 322] 
[119 323] 
[119 324] 
[119 325] 
[119 326] 
[120 327] 
[120 328] 
[120 329] 
[120 330] 
[120 331] 
[120 332] 
[121 333] 
[121 334] 
[121 335] 
[121 336] 
[121 337] 
[122 338] 
[122 339] 
[122 340] 
[122 341] 
[123 342] 
[123 343] 
[123 344] 
[123 345] 
[123 346] 
[124 347] 
[124 348] 
[124 349] 
[125 350] 
[125 351] 
[125 352] 
[126 353] 
[126 354] 
[126 355] 
[126 356] 
[127 357] 
[127 358] 
[128 359] 
[128 360] 
[128 361] 
[129 362] 
[129 363] 
[130 364] 
[130 365] 
[130 366] 
[131 367] 
[131 368] 
[132 369] 
[132 370] 
[133 371] 
[133 372] 
[134 373] 
[134 374] 
[135 375] 
[135 376] 
[135 377] 
[136 378] 
[136 379] 
[137 380] 
[137 381] 
[138 382] 
[139 383] 
[139 384] 
[139 385] 
[140 386] 
[141 387] 
[141 388] 
[142 389] 
[143 390] 
[143 391] 
[144 392] 
[145 393] 
[145 394] 
[145 395] 
[146 395] 
[147 396] 
[147 397] 
[148 398] 
[148 399] 
[149 400] 
[150 401] 
[151 402] 
[151 403] 
[152 404] 
[153 405] 
[154 406] 
[154 407] 
[155 408] 
[156 409] 
[157 410] 
[158 411] 
[159 412] 
[160 413] 
[161 414] 
[162 415] 
[162 416] 
[163 417] 
[164 418] 
[165 419] 
[166 419] 
[167 420] 
[167 421] 
[168 421] 
[169 422] 
[170 423] 
[171 424] 
[172 425] 
[173 426] 
[174 427] 
[175 428] 
[176 428] 
[177 429] 
[178 430] 
[179 431] 
[180 432] 
[181 432] 
[182 433] 
[183 434] 
[184 435] 
[185 435] 
[186 436] 
[187 437] 
[188 437] 
[189 438] 
[190 439] 
[191 439] 
[192 440] 
[193 440] 
[194 441] 
[195 442] 
[196 442] 
[197 443] 
[198 443] 
[199 444] 
[200 444] 
[201 445] 
[202 445] 
[203 446] 
[204 446] 
[205 447] 
[206 447] 
[207 448] 
[208 448] 
[209 449] 
[210 449] 
[211 449] 
[212 450] 
[213 450] 
[214 450] 
[215 451] 
[216 451] 
[217 452] 
[218 452] 
[219 452] 
[220 452] 
[221 453] 
[222 453] 
[223 454] 
[224 454] 
[225 454] 
[226 454] 
[227 454] 
[228 455] 
[229 455] 
[230 455] 
[231 456] 
[232 456] 
[233 456] 
[234 456] 
[235 456] 
[236 457] 
[237 457] 
[238 457] 
[239 457] 
[240 457] 
[241 457] 
[242 457] 
[243 457] 
[244 458] 
[245 458] 
[246 458] 
[247 458] 
[248 458] 
[249 458] 
[250 458] 
[251 458] 
[252 459] 
[253 458] 
[254 459] 
[255 458] 
[256 459] 
[257 459] 
[258 459] 
[259 459] 
[260 459] 
[261 459] 
[262 459] 
[263 459] 
[264 459] 
[265 459] 
[266 459] 
[267 459] 
[268 459] 
[269 458] 
[270 458] 
[271 458] 
[272 458] 
[273 458] 
[274 458] 
[275 458] 
[276 458] 
[277 458] 
[278 458] 
[279 458] 
[280 457] 
[281 457] 
[282 457] 
[283 457] 
[284 457] 
[285 457] 
[286 457] 
[287 457] 
[288 457] 
[289 456] 
[290 456] 
[291 456] 
[292 456] 
[293 456] 
[294 455] 
[295 455] 
[296 455] 
[297 455] 
[298 454] 
[299 454] 
[300 454] 
[301 454] 
[302 454] 
[303 453] 
[304 453] 
[305 453] 
[306 453] 
[307 452] 
[308 452] 
[309 452] 
[310 451] 
[311 451] 
[312 451] 
[313 450] 
[314 450] 
[315 450] 
[316 450] 
[317 449] 
[318 449] 
[319 449] 
[320 448] 
[321 448] 
[322 447] 
[323 447] 
[324 447] 
[325 446] 
[326 446] 
[327 446] 
[328 445] 
[329 445] 
[330 444] 
[331 444] 
[332 444] 
[333 443] 
[334 443] 
[335 442] 
[336 442] 
[337 441] 
[338 441] 
[339 440] 
[340 440] 
[341 439] 
[342 439] 
[343 438] 
[344 437] 
[345 437] 
[346 437] 
[347 436] 
[348 435] 
[349 435] 
[350 434] 
[351 434] 
[352 433] 
[353 433] 
[354 432] 
[355 431] 
[356 431] 
[357 430] 
[358 430] 
[359 429] 
[360 428] 
[361 427] 
[362 427] 
[363 426] 
[364 425] 
[365 425] 
[366 424] 
[367 423] 
[368 422] 
[369 422] 
[370 421] 
[371 420] 
[372 419] 
[373 418] 
[374 417] 
[375 417] 
[376 416] 
[377 415] 
[378 414] 
[379 413] 
[380 412] 
[381 411] 
[382 411] 
[382 410] 
[383 409] 
[384 409] 
[384 408] 
[385 407] 
[386 406] 
[387 405] 
[388 405] 
[388 404] 
[389 403] 
[390 402] 
[391 401] 
[392 400] 
[393 399] 
[393 398] 
[394 397] 
[395 396] 
[396 395] 
[397 394] 
[398 393] 
[398 392] 
[399 391] 
[400 390] 
[400 389] 
[401 388] 
[402 387] 
[403 386] 
[403 385] 
[404 384] 
[404 383] 
[405 382] 
[406 381] 
[406 380] 
[407 379] 
[408 378] 
[408 377] 
[409 376] 
[410 375] 
[410 374] 
[411 373] 
[411 372] 
[412 371] 
[412 370] 
[413 369] 
[413 368] 
[414 367] 
[414 366] 
[415 365] 
[415 364] 
[416 363] 
[416 362] 
[416 361] 
[417 360] 
[417 359] 
[418 358] 
[418 357] 
[418 356] 
[419 355] 
[419 354] 
[419 353] 
[420 352] 
[420 351] 
[421 350] 
[421 349] 
[421 348] 
[422 347] 
[422 346] 
[422 345] 
[423 344] 
[423 343] 
[423 342] 
[423 341] 
[423 340] 
[424 339] 
[425 338] 
[425 337] 
[425 336] 
[425 335] 
[426 334] 
[426 333] 
[426 332] 
[426 331] 
[426 330] 
[426 329] 
[426 328] 
[427 327] 
[427 326] 
[427 325] 
[427 324] 
[427 323] 
[428 322] 
[428 321] 
[428 320] 
[428 319] 
[428 318] 
[428 317] 
[428 316] 
[428 315] 
[428 314] 
[428 313] 
[428 312] 
[428 311] 
[429 310] 
[429 309] 
[429 308] 
[429 307] 
[429 306] 
[429 305] 
[429 304] 
[429 303] 
[429 302] 
[429 301] 
[429 300] 
[429 299] 
[429 298] 
[429 297] 
[429 296] 
[429 295] 
[429 294] 
[429 293] 
[429 292] 
[428 291] 
[428 290] 
[428 289] 
[428 288] 
[428 287] 
[428 286] 
[428 285] 
[428 284] 
[428 283] 
[428 282] 
[428 281] 
[428 280] 
[428 279] 
[428 278] 
[427 277] 
[427 276] 
[427 275] 
[427 274] 
[427 273] 
[427 272] 
[427 271] 
[426 270] 
[426 269] 
[426 268] 
[426 267] 
[426 266] 
[426 265] 
[425 264] 
[425 263] 
[425 262] 
[425 261] 
[425 260] 
[424 259] 
[424 258] 
[424 257] 
[423 256] 
[423 255] 
[423 254] 
[423 253] 
[423 252] 
[423 251] 
[423 250] 
[422 249] 
[421 248] 
[421 247] 
[421 246] 
[421 245] 
[420 244] 
[420 243] 
[420 242] 
[420 241] 
[419 240] 
[419 239] 
[419 238] 
[418 237] 
[418 236] 
[417 235] 
[417 234] 
[417 233] 
[417 232] 
[416 231] 
[416 230] 
[415 229] 
[415 228] 
[415 227] 
[414 226] 
[414 225] 
[414 224] 
[413 223] 
[412 222] 
[412 221] 
[412 220] 
[411 219] 
[411 218] 
[410 217] 
[410 216] 
[410 215] 
[409 214] 
[408 213] 
[408 212] 
[408 211] 
[407 210] 
[406 209] 
[406 208] 
[405 207] 
[405 206] 
[404 205] 
[404 204] 
[403 203] 
[402 202] 
[402 201] 
[401 200] 
[401 199] 
[400 198] 
[399 197] 
[399 196] 
[398 195] 
[398 194] 
[397 193] 
[397 192] 
[396 191] 
[395 190] 
[394 189] 
[393 188] 
[393 187] 
[393 186] 
[392 186] 
[391 185] 
[391 184] 
[390 183] 
[389 182] 
[388 181] 
[388 180] 
[387 179] 
[386 178] 
[385 177] 
[384 176] 
[384 175] 
[383 174] 
[382 173] 
[381 172] 
[380 171] 
[379 170] 
[378 169] 
[377 168] 
[376 167] 
[375 166] 
[375 165] 
[374 165] 
[373 164] 
[373 163] 
[372 162] 
[371 161] 
[370 160] 
[369 160] 
[368 159] 
[367 158] 
[366 157] 
[365 156] 
[364 155] 
[363 154] 
[362 154] 
[361 153] 
[361 152] 
[360 152] 
[359 151] 
[358 150] 
[357 149] 
[356 148] 
[355 148] 
[354 147] 
[353 146] 
[352 145] 
[351 145] 
[350 144] 
[349 144] 
[348 143] 
[347 142] 
[346 141] 
[345 141] 
[344 140] 
[343 140] 
[342 139] 
[341 139] 
[340 138] 
[339 137] 
[338 137] 
[337 136] 
[336 136] 
[335 135] 
[334 135] 
[333 134] 
[332 133] 
[331 133] 
[330 132] 
[329 132] 
[328 132] 
[327 131] 
[326 131] 
[325 130] 
[324 130] 
[323 129] 
[322 129] 
[321 129] 
[320 128] 
[319 128] 
[318 127] 
[317 127] 
[316 126] 
[315 126] 
[314 126] 
[313 125] 
[312 125] 
[311 125] 
[310 125] 
[309 124] 
[308 124] 
[307 123] 
[306 123] 
[305 123] 
[304 122] 
[303 122] 
[302 122] 
[301 122] 
[300 122] 
[299 121] 
[298 121] 
[297 121] 
[296 120] 
[295 120] 
[294 120] 
[293 120] 
[292 120] 
[291 120] 
[290 120] 
[289 119] 
[288 119] 
[287 119] 
[286 119] 
[285 119] 
[284 118] 
[283 118] 
[282 118] 
[281 118] 
[280 118] 
[279 118] 
[278 118] 
[277 118] 
[276 118] 
[275 117] 
[274 117] 
[273 117] 
[272 117] 
[271 117] 
[270 117] 
[269 117] 
[268 117] 
[267 117] 
[266 117] 
[265 117] 
[264 117] 
[263 117] 
[262 117] 
[261 117] 
[260 117] 
[259 117] 
[258 117] 
[257 117] 
[256 117] 
[255 117] 
[254 117] 
[253 117] 
[252 117] 
[251 117] 
[250 117] 
[249 117] 
[248 117] 
[247 117] 
[246 117] 
[245 117] 
[244 117] 
[243 117] 
[242 118] 
[241 118] 
[240 118] 
[239 118] 
[238 118] 
[237 118] 
[236 118] 
[235 118] 
[234 118] 
[233 118] 
[232 119] 
[231 119] 
[230 119] 
[229 119] 
[228 119] 
[227 120] 
[226 120] 
[225 120] 
[224 120] 
[223 120] 
[222 120] 
[221 120] 
[220 121] 
[219 121] 
[218 121] 
[217 121] 
[216 122] 
[215 122] 
[214 122] 
[213 122] 
[212 122] 
[211 123] 
[210 123] 
[209 123] 
[208 124] 
[207 124] 
[206 124] 
[205 124] 
[204 125] 
[203 125] 
[202 125] 
[201 125] 
[200 126] 
[199 126] 
[198 127] 
[197 127] 
[196 127] 
[195 128] 
[194 128] 
[193 128] 
[192 129] 
[191 129] 
[190 129] 
[189 130] 
[188 130] 
[187 131] 
[186 131] 
[185 131] 
[184 132] 
[183 132] 
[182 132] 
[181 133] 
[180 133] 
[179 134] 
[178 134] 
[177 135] 
[176 135] 
[175 136] 
[174 136] 
[173 137] 
[172 137] 
[171 138] 
[170 138] 
[169 139] 
[168 139] 
[167 140] 
[166 140] 
[165 141] 
[164 141] 
[163 142] 
[162 142] 
[161 143] 
[160 143] 
[159 144] 
[158 145] 
[157 145] 
[156 146] 
[155 146] 
[154 147] 
[153 148] 
[152 148] 
[151 149] 
[150 150] 
[149 150] 
[148 151] 
[147 151] 
[146 152] 
[145 153] 
[144 154] 
[143 154] 
[142 155] 
[141 155] 
[140 156] 
[139 157] 
[138 158] 
[137 158] 
[136 159] 
[135 160] 
[134 161] 
[133 162] 
[132 162] 
[131 163] 
[130 164] 
[129 165] 
[128 165] 
[128 166] 
[127 167] 
[126 167] 
[125 168] 
[124 169] 
[123 170] 
[122 171] 
[121 172] 
[120 173] 
[119 174] 
[118 175] 
[117 176] 
[116 177] 
[115 178] 
[114 179] 
[113 180] 
[112 181] 
[111 182] 
[110 183] 
[109 184] 
[108 185] 
[108 186] 
[107 187] 
[106 188] 
[105 189] 
[104 190] 
[104 191] 
[103 192] 
[102 193] 
[101 194] 
[100 195] 
[ 99 196] 
[ 99 197] 
[ 98 198] 
[ 97 199] 
[ 96 200] 
[ 96 201] 
[ 95 202] 
[ 95 203] 
[ 94 204] 
[ 93 205] 
[ 93 206] 
[ 92 207] 
[ 91 208] 
[ 91 209] 
[ 90 210] 
[ 90 211] 
[ 89 212] 
[ 89 213] 
[ 88 214] 
[ 87 215] 
[ 87 216] 
[ 86 217] 
[ 85 218] 
[ 85 219] 
[ 85 220] 
[ 84 221] 
[ 83 222] 
[ 83 223] 
[ 82 224] 
[ 82 225] 
[ 81 226] 
[ 81 227] 
[ 80 228] 
[ 80 229] 
[ 80 230] 
[ 79 231] 
[ 79 232] 
[ 78 233] 
[ 78 234] 
[ 78 235] 
[ 77 236] 
[ 77 237] 
[ 77 238] 
[ 76 239] 
[ 76 240] 
[ 75 241] 
[ 75 242] 
[ 75 243] 
[ 74 244] 
[ 74 245] 
[ 74 246] 
[ 73 247] 
[ 73 248] 
[ 73 249] 
[ 72 250] 
[ 72 251] 
[ 72 252] 
[ 72 253] 
[ 71 254] 
[ 71 255] 
[ 70 256] 
[ 70 257] 
[ 70 258] 
[ 70 259] 
[ 69 260] 
[ 69 261] 
[ 69 262] 
[ 69 263] 
[ 69 264] 
[ 68 265] 
[ 68 266] 
[ 68 267] 
[ 68 268] 
[ 68 269] 
[ 68 270] 
[ 67 271] 
[ 67 272] 
[ 67 273] 
[ 67 274] 
[ 67 275] 
[ 67 276] 
[ 67 277] 
[ 66 278] 
[ 66 279] 
[ 66 280] 
[ 66 281] 
[ 66 282] 
[ 66 283] 
[ 65 284] 
[ 65 285] 
[ 65 286] 
[ 65 287] 
[ 65 288] 
[ 65 289] 
[ 65 290] 
[ 65 291] 
[ 65 292] 
[ 65 293] 
[ 65 294] 
[ 65 295] 
[ 65 296] 
[ 65 297] 
[ 65 298] 
[ 65 299] 
[ 65 300] 
[ 65 301] 
[ 65 302] 
[ 65 303] 
[ 65 304] 
[ 65 305] 
[ 65 306] 
[ 65 307] 
[ 65 308] 
[ 65 309] 
[ 65 310] 
[ 65 311] 
[ 65 312] 
[ 65 313] 
[ 65 314] 
[ 65 315] 
[ 65 316] 
[ 65 317] 
[ 65 318] 
[ 65 319] 
[ 65 320] 
[ 65 321] 
[ 66 322] 
[ 66 323] 
[ 66 324] 
[ 66 325] 
[ 66 326] 
[ 66 327] 
[ 66 328] 
[ 67 329] 
[ 67 330] 
[ 67 331] 
[ 67 332] 
[ 67 333] 
[ 67 334] 
[ 67 335] 
[ 67 336] 
[ 68 337] 
[ 68 338] 
[ 68 339] 
[ 68 340] 
[ 68 341] 
[ 68 342] 
[ 69 343] 
[ 69 344] 
[ 69 345] 
[ 69 346] 
[ 70 347] 
[ 70 348] 
[ 70 349] 
[ 70 350] 
[ 70 351] 
[ 71 352] 
[ 71 353] 
[ 72 354] 
[ 72 355] 
[ 72 356] 
[ 72 357] 
[ 72 358] 
[ 72 359] 
[ 73 360] 
[ 73 361] 
[ 74 362] 
[ 74 363] 
[ 74 364] 
[ 75 365] 
[ 75 366] 
[ 75 367] 
[ 75 368] 
[ 76 369] 
[ 76 370] 
[ 76 371] 
[ 77 372] 
[ 77 373] 
[ 77 374] 
[ 78 375] 
[ 78 376] 
[ 78 377] 
[ 79 378] 
[ 79 379] 
[ 80 380] 
[ 80 381] 
[ 80 382] 
[ 81 383] 
[ 81 384] 
[ 81 385] 
[ 82 386] 
[ 82 387] 
[ 83 388] 
[ 83 389] 
[ 84 390] 
[ 84 391] 
[ 85 392] 
[ 85 393] 
[ 85 394] 
[ 86 395] 
[ 86 396] 
[ 87 397] 
[ 87 398] 
[ 88 399] 
[ 88 400] 
[ 89 401] 
[ 89 402] 
[ 90 403] 
[ 90 404] 
[ 91 405] 
[ 91 406] 
[ 92 407] 
[ 92 408] 
[ 93 409] 
[ 94 410] 
[ 94 411] 
[ 95 412] 
[ 95 413] 
[ 96 414] 
[ 96 415] 
[ 97 416] 
[ 97 417] 
[ 98 418] 
[ 99 419] 
[100 420] 
[100 421] 
[101 422] 
[102 423] 
[102 424] 
[103 425] 
[104 426] 
[104 427] 
[105 428] 
[105 429] 
[106 430] 
[107 431] 
[108 432] 
[108 433] 
[109 434] 
[110 435] 
[110 436] 
[111 437] 
[112 438] 
[113 439] 
[114 440] 
[115 441] 
[115 442] 
[116 443] 
[117 444] 
[118 445] 
[119 446] 
[120 447] 
[121 448] 
[121 449] 
[122 450] 
[123 451] 
[124 452] 
[125 453] 
[126 454] 
[127 455] 
[128 456] 
[129 457] 
[130 458] 
[131 459] 
[132 460] 
[133 461] 
[134 462] 
[135 463] 
[136 464] 
[137 464] 
[138 465] 
[139 466] 
[140 467] 
[141 468] 
[142 469] 
[143 469] 
[144 470] 
[145 471] 
[146 472] 
[147 472] 
[148 473] 
[149 474] 
[150 475] 
[151 476] 
[152 476] 
[153 477] 
[154 478] 
[155 478] 
[156 479] 
[157 480] 
[158 480] 
[159 481] 
[160 482] 
[161 482] 
[162 483] 
[163 484] 
[164 484] 
[165 485] 
[166 485] 
[167 486] 
[168 487] 
[169 487] 
[170 488] 
[171 489] 
[172 489] 
[173 489] 
[174 490] 
[175 490] 
[176 491] 
[177 491] 
[178 492] 
[179 493] 
[180 493] 
[181 493] 
[182 494] 
[183 494] 
[184 495] 
[185 495] 
[186 496] 
[187 496] 
[188 497] 
[189 497] 
[190 498] 
[191 498] 
[192 498] 
[193 499] 
[194 499] 
[195 499] 
[196 500] 
[197 500] 
[198 501] 
[199 501] 
[200 501] 
[201 502] 
[202 502] 
[203 502] 
[204 503] 
[205 503] 
[206 503] 
[207 504] 
[208 504] 
[209 504] 
[210 504] 
[211 505] 
[212 505] 
[213 505] 
[214 506] 
[215 506] 
[216 506] 
[217 506] 
[218 507] 
[219 507] 
[220 507] 
[221 507] 
[222 508] 
[223 508] 
[224 508] 
[225 508] 
[226 508] 
[227 508] 
[228 509] 
[229 509] 
[230 509] 
[231 509] 
[232 509] 
[233 510] 
[234 510] 
[235 510] 
[236 510] 
[237 510] 
[238 510] 
[239 510] 
[240 510] 
[241 510] 
[242 510] 
[243 511] 
[244 511] 
[245 511] 
[246 511] 
[247 511] 
[248 511] 
[249 511] 
[250 511] 
[251 511] 
[252 511] 
[253 511] 
[254 511] 
[255 511] 
[256 511] 
[257 511] 
[258 511] 
[259 511] 
[260 511] 
[261 511] 
[262 511] 
[263 511] 
[264 511] 
[265 511] 
[266 511] 
[267 511] 
[268 511] 
[269 511] 
[270 511] 
[271 511] 
[272 511] 
[273 511] 
[274 511] 
[275 511] 
[276 511] 
[277 511] 
[278 511] 
[279 510] 
[280 510] 
[281 510] 
[282 510] 
[283 510] 
[284 510] 
[285 510] 
[286 510] 
[287 510] 
[288 510] 
[289 510] 
[290 510] 
[291 509] 
[292 509] 
[293 509] 
[294 509] 
[295 509] 
[296 509] 
[297 508] 
[298 508] 
[299 508] 
[300 508] 
[301 508] 
[302 508] 
[303 508] 
[304 507] 
[305 507] 
[306 507] 
[307 507] 
[308 506] 
[309 506] 
[310 506] 
[311 506] 
[312 506] 
[313 505] 
[314 505] 
[315 505] 
[316 504] 
[317 504] 
[318 504] 
[319 504] 
[320 504] 
[321 503] 
[322 503] 
[323 503] 
[324 502] 
[325 502] 
[326 502] 
[327 501] 
[328 501] 
[329 501] 
[330 500] 
[331 500] 
[332 500] 
[333 499] 
[334 499] 
[335 499] 
[336 498] 
[337 498] 
[338 498] 
[339 497] 
[340 497] 
[341 497] 
[342 496] 
[343 496] 
[344 495] 
[345 495] 
[346 495] 
[347 494] 
[348 494] 
[349 493] 
[350 493] 
[351 493] 
[352 492] 
[353 492] 
[354 491] 
[355 491] 
[356 490] 
[357 490] 
[358 489] 
[359 489] 
[360 489] 
[361 488] 
[362 488] 
[363 487] 
[364 487] 
[365 486] 
[366 485] 
[367 485] 
[368 484] 
[369 484] 
[370 484] 
[371 483] 
[372 482] 
[373 482] 
[374 481] 
[375 480] 
[376 480] 
[377 479] 
[378 479] 
[379 478] 
[380 477] 
[381 477] 
[382 476] 
[383 476] 
[384 475] 
[385 474] 
[386 474] 
[387 473] 
[388 472] 
[389 472] 
[390 471] 
[391 470] 
[392 470] 
[393 469] 
[394 468] 
[395 468] 
[396 467] 
[397 466] 
[398 466] 
[399 465] 
[400 464] 
[401 463] 
[402 462] 
[403 461] 
[404 460] 
[405 460] 
[406 459] 
[407 458] 
[408 457] 
[409 456] 
[410 456] 
[411 455] 
[412 454] 
[413 453] 
[414 452] 
[415 451] 
[416 450] 
[417 449] 
[418 448] 
[419 447] 
[420 446] 
[421 445] 
[422 444] 
[423 443] 
[424 442] 
[425 441] 
[426 440] 
[427 439] 
[428 438] 
[429 437] 
[430 436] 
[430 435] 
[431 434] 
[432 433] 
[433 432] 
[434 431] 
[435 430] 
[436 429] 
[436 428] 
[437 427] 
[438 426] 
[439 425] 
[440 424] 
[440 423] 
[441 422] 
[442 421] 
[442 420] 
[443 419] 
[444 418] 
[444 417] 
[445 416] 
[446 415] 
[447 414] 
[447 413] 
[448 412] 
[448 411] 
[449 410] 
[450 409] 
[450 408] 
[451 407] 
[452 406] 
[452 405] 
[453 404] 
[453 403] 
[454 402] 
[455 401] 
[455 400] 
[456 399] 
[456 398] 
[457 397] 
[457 396] 
[458 395] 
[458 394] 
[459 393] 
[459 392] 
[460 391] 
[460 390] 
[461 389] 
[461 388] 
[462 387] 
[462 386] 
[463 385] 
[463 384] 
[463 383] 
[464 382] 
[464 381] 
[465 380] 
[465 379] 
[466 378] 
[466 377] 
[466 376] 
[467 375] 
[467 374] 
[468 373] 
[468 372] 
[469 371] 
[469 370] 
[469 369] 
[470 368] 
[470 367] 
[470 366] 
[471 365] 
[471 364] 
[471 363] 
[471 362] 
[472 361] 
[472 360] 
[472 359] 
[473 358] 
[473 357] 
[473 356] 
[474 355] 
[474 354] 
[474 353] 
[474 352] 
[475 351] 
[475 350] 
[475 349] 
[475 348] 
[476 347] 
[476 346] 
[476 345] 
[476 344] 
[476 343] 
[476 342] 
[477 341] 
[477 340] 
[477 339] 
[477 338] 
[478 337] 
[478 336] 
[478 335] 
[478 334] 
[478 333] 
[478 332] 
[478 331] 
[478 330] 
[479 329] 
[479 328] 
[479 327] 
[479 326] 
[479 325] 
[479 324] 
[479 323] 
[479 322] 
[479 321] 
[479 320] 
[479 319] 
[480 318] 
[480 317] 
[480 316] 
[480 315] 
[480 314] 
[480 313] 
[480 312] 
[480 311] 
[480 310] 
[480 309] 
[480 308] 
[480 307] 
[480 306] 
[480 305] 
[480 304] 
[480 303] 
[480 302] 
[480 301] 
[480 300] 
[480 299] 
[480 298] 
[480 297] 
[480 296] 
[480 295] 
[480 294] 
[480 293] 
[480 292] 
[480 291] 
[480 290] 
[480 289] 
[480 288] 
[480 287] 
[480 286] 
[480 285] 
[480 284] 
[480 283] 
[480 282] 
[480 281] 
[479 280] 
[479 279] 
[479 278] 
[479 277] 
[479 276] 
[479 275] 
[479 274] 
[479 273] 
[479 272] 
[479 271] 
[478 270] 
[478 269] 
[478 268] 
[478 267] 
[478 266] 
[478 265] 
[478 264] 
[477 263] 
[477 262] 
[477 261] 
[477 260] 
[477 259] 
[477 258] 
[477 257] 
[476 256] 
[476 255] 
[476 254] 
[476 253] 
[476 252] 
[476 251] 
[475 250] 
[475 249] 
[475 248] 
[475 247] 
[474 246] 
[474 245] 
[474 244] 
[474 243] 
[474 242] 
[473 241] 
[473 240] 
[473 239] 
[473 238] 
[472 237] 
[472 236] 
[472 235] 
[472 234] 
[471 233] 
[471 232] 
[470 231] 
[470 230] 
[470 229] 
[470 228] 
[470 227] 
[469 226] 
[469 225] 
[469 224] 
[468 223] 
[468 222] 
[468 221] 
[467 220] 
[467 219] 
[466 218] 
[466 217] 
[466 216] 
[465 215] 
[465 214] 
[464 213] 
[464 212] 
[464 211] 
[463 210] 
[463 209] 
[463 208] 
[462 207] 
[462 206] 
[461 205] 
[461 204] 
[461 203] 
[460 202] 
[460 201] 
[459 200] 
[459 199] 
[459 198] 
[458 197] 
[457 196] 
[457 195] 
[457 194] 
[456 193] 
[456 192] 
[455 191] 
[455 190] 
[454 189] 
[454 188] 
[453 187] 
[453 186] 
[452 185] 
[451 184] 
[451 183] 
[451 182] 
[450 181] 
[449 180] 
[449 179] 
[448 178] 
[448 177] 
[447 176] 
[447 175] 
[446 174] 
[445 173] 
[445 172] 
[444 171] 
[444 170] 
[443 169] 
[443 168] 
[442 167] 
[441 166] 
[441 165] 
[440 164] 
[440 163] 
[439 163] 
[438 162] 
[438 161] 
[437 160] 
[436 159] 
[436 158] 
[435 157] 
[434 156] 
[434 155] 
[433 154] 
[432 153] 
[432 152] 
[431 151] 
[430 150] 
[429 149] 
[429 148] 
[428 147] 
[427 146] 
[427 145] 
[426 144] 
[425 143] 
[424 142] 
[423 141] 
[423 140] 
[422 139] 
[421 138] 
[420 137] 
[419 136] 
[418 135] 
[417 134] 
[416 133] 
[415 132] 
[414 131] 
[413 130] 
[413 129] 
[412 128] 
[411 128] 
[410 127] 
[410 126] 
[409 125] 
[408 124] 
[407 124] 
[406 123] 
[405 122] 
[404 121] 
[403 120] 
[402 119] 
[401 118] 
[400 117] 
[399 116] 
[398 115] 
[397 114] 
[396 113] 
[395 113] 
[394 112] 
[393 111] 
[392 110] 
[391 109] 
[390 109] 
[389 108] 
[388 107] 
[387 106] 
[386 105] 
[385 105] 
[384 104] 
[383 103] 
[382 103] 
[381 102] 
[380 101] 
[379 100] 
[378 100] 
[377  99] 
[376  98] 
[375  98] 
[374  97] 
[373  97] 
[372  96] 
[371  95] 
[370  95] 
[369  94] 
[368  93] 
[367  93] 
[366  92] 
[365  92] 
[364  91] 
[363  90] 
[362  90] 
[361  89] 
[360  89] 
[359  88] 
[358  88] 
[357  87] 
[356  87] 
[355  86] 
[354  85] 
[353  85] 
[352  85] 
[351  84] 
[350  84] 
[349  83] 
[348  83] 
[347  82] 
[346  82] 
[345  81] 
[344  81] 
[343  81] 
[342  80] 
[341  80] 
[340  79] 
[339  79] 
[338  79] 
[337  78] 
[336  78] 
[335  77] 
[334  77] 
[333  77] 
[332  76] 
[331  76] 
[330  75] 
[329  75] 
[328  75] 
[327  75] 
[326  74] 
[325  74] 
[324  74] 
[323  73] 
[322  73] 
[321  73] 
[320  72] 
[319  72] 
[318  72] 
[317  72] 
[316  71] 
[315  71] 
[314  71] 
[313  71] 
[312  70] 
[311  70] 
[310  70] 
[309  69] 
[308  69] 
[307  69] 
[306  69] 
[305  69] 
[304  68] 
[303  68] 
[302  68] 
[301  68] 
[300  68] 
[299  68] 
[298  67] 
[297  67] 
[296  67] 
[295  67] 
[294  66] 
[293  66] 
[292  66] 
[291  66] 
[290  66] 
[289  66] 
[288  66] 
[287  65] 
[286  65] 
[285  65] 
[284  65] 
[283  65] 
[282  65] 
[281  65] 
[280  65] 
[279  65] 
[278  65] 
[277  65] 
[276  64] 
[275  64] 
[274  64] 
[273  64] 
[272  64] 
[271  64] 
[270  64] 
[269  64] 
[268  64] 
[267  64] 
[266  64] 
[265  64] 
[264  64] 
[263  64] 
[262  64] 
[261  64] 
[260  64] 
[259  64] 
[258  64] 
[257  64] 
[256  64] 
[255  64] 
[254  64] 
[253  64] 
[252  64] 
[251  64] 
[250  64] 
[249  64] 
[248  64] 
[247  64] 
[246  64] 
[245  64] 
[244  64] 
[243  65] 
[242  65] 
[241  64] 
[240  65] 
[239  65] 
[238  65] 
[237  65] 
[236  65] 
[235  65] 
[234  65] 
[233  65] 
[232  65] 
[231  65] 
[230  66] 
[229  66] 
[228  66] 
[227  66] 
[226  66] 
[225  66] 
[224  66] 
[223  66] 
[222  67] 
[221  67] 
[220  67] 
[219  67] 
[218  67] 
[217  67] 
[216  68] 
[215  68] 
[214  68] 
[213  68] 
[212  69] 
[211  69] 
[210  69] 
[209  69] 
[208  69] 
[207  69] 
[206  70] 
[205  70] 
[204  70] 
[203  70] 
[202  71] 
[201  71] 
[200  71] 
[199  71] 
[198  72] 
[197  72] 
[196  72] 
[195  72] 
[194  73] 
[193  73] 
[192  73] 
[191  74] 
[190  74] 
[189  74] 
[188  74] 
[187  75] 
[186  75] 
[185  75] 
[184  76] 
[183  76] 
[182  76] 
[181  77] 
[180  77] 
[179  77] 
[178  78] 
[177  78] 
[176  78] 
[175  79] 
[174  79] 
[173  79] 
[172  80] 
[171  80] 
[170  80] 
[169  81] 
[168  81] 
[167  82] 
[166  82] 
[165  83] 
[164  83] 
[163  83] 
[162  84] 
[161  84] 
[160  85] 
[159  85] 
[158  85] 
[157  86] 
[156  86] 
[155  87] 
[154  87] 
[153  88] 
[152  88] 
[151  89] 
[150  89] 
[149  90] 
[148  90] 
[147  90] 
[146  91] 
[145  91] 
[144  92] 
[143  92] 
[142  93] 
[141  94] 
[140  94] 
[139  94] 
[138  95] 
[137  96] 
[136  96] 
[135  97] 
[134  97] 
[133  98] 
[132  98] 
[131  99] 
[130 100] 
[129 100] 
[128 101] 
[127 101] 
[126 102] 
[125 103] 
[124 103] 
[123 104] 
[122 105] 
[121 105] 
[120 106] 
[119 107] 
[118 107] 
[117 108] 
[116 109] 
[115 109] 
[114 110] 
[113 111] 
[112 111] 
[111 112] 
[110 113] 
[109 113] 
[108 114] 
[107 115] 
[106 116] 
[105 117] 
[104 117] 
[103 118] 
[102 119] 
[101 120] 
[100 121] 
[ 99 121] 
[ 98 122] 
[ 97 123] 
[ 96 124] 
[ 95 125] 
[ 94 126] 
[ 93 126] 
[ 92 127] 
[ 91 128] 
[ 90 129] 
[ 89 130] 
[ 88 131] 
[ 87 132] 
[ 86 133] 
[ 85 133] 
[ 85 134] 
[ 84 135] 
[ 83 135] 
[ 82 136] 
[ 81 137] 
[ 80 138] 
[ 80 139] 
[ 79 140] 
[ 78 140] 
[ 78 141] 
[ 77 142] 
[ 76 142] 
[ 76 143] 
[ 75 144] 
[ 74 145] 
[ 73 146] 
[ 72 147] 
[ 71 148] 
[ 70 149] 
[ 69 150] 
[ 69 151] 
[ 68 152] 
[ 67 153] 
[ 66 154] 
[ 65 155] 
[ 64 156] 
[ 63 157] 
[ 63 158] 
[ 62 159] 
[ 61 160] 
[ 60 161] 
[ 59 162] 
[ 59 163] 
[ 58 164] 
[ 57 165] 
[ 57 166] 
[ 56 167] 
[ 55 168] 
[ 54 169] 
[ 53 170] 
[ 53 171] 
[ 52 172] 
[ 51 173] 
[ 51 174] 
[ 50 175] 
[ 49 176] 
[ 49 177] 
[ 48 178] 
[ 48 179] 
[ 47 180] 
[ 46 181] 
[ 46 182] 
[ 45 183] 
[ 44 184] 
[ 44 185] 
[ 43 186] 
[ 42 187] 
[ 42 188] 
[ 42 189] 
[ 41 190] 
[ 40 191] 
[ 40 192] 
[ 39 193] 
[ 39 194] 
[ 38 195] 
[ 38 196] 
[ 37 197] 
[ 37 198] 
[ 36 199] 
[ 36 200] 
[ 35 201] 
[ 35 202] 
[ 34 203] 
[ 34 204] 
[ 34 205] 
[ 33 206] 
[ 33 207] 
[ 32 208] 
[ 32 209] 
[ 31 210] 
[ 31 211] 
[ 30 212] 
[ 30 213] 
[ 30 214] 
[ 29 215] 
[ 29 216] 
[ 29 217] 
[ 28 218] 
[ 28 219] 
[ 27 220] 
[ 27 221] 
[ 26 222] 
[ 26 223] 
[ 26 224] 
[ 25 225] 
[ 25 226] 
[ 25 227] 
[ 24 228] 
[ 24 229] 
[ 23 230] 
[ 23 231] 
[ 23 232] 
[ 23 233] 
[ 22 234] 
[ 22 235] 
[ 22 236] 
[ 21 237] 
[ 21 238] 
[ 21 239] 
[ 21 240] 
[ 20 241] 
[ 20 242] 
[ 20 243] 
[ 20 244] 
[ 19 245] 
[ 19 246] 
[ 19 247] 
[ 19 248] 
[ 18 249] 
[ 18 250] 
[ 18 251] 
[ 18 252] 
[ 18 253] 
[ 18 254] 
[ 17 255] 
[ 17 256] 
[ 17 257] 
[ 17 258] 
[ 17 259] 
[ 16 260] 
[ 16 261] 
[ 16 262] 
[ 16 263] 
[ 16 264] 
[ 15 265] 
[ 15 266] 
[ 15 267] 
[ 15 268] 
[ 15 269] 
[ 15 270] 
[ 15 271] 
[ 15 272] 
[ 14 273] 
[ 14 274] 
[ 14 275] 
[ 14 276] 
[ 14 277] 
[ 14 278] 
[ 14 279] 
[ 14 280] 
[ 14 281] 
[ 14 282] 
[ 13 283] 
[ 13 284] 
[ 13 285] 
[ 13 286] 
[ 13 287] 
[ 13 288] 
[ 13 289] 
[ 12 290] 
[ 12 291] 
[ 12 292] 
[ 12 293] 
[ 12 294] 
[ 12 295] 
[ 12 296] 
[ 12 297] 
[ 12 298] 
[ 12 299] 
[ 12 300] 
[ 12 301] 
[ 12 302] 
[ 12 303] 
[ 12 304] 
[ 12 305] 
[ 12 306] 
[ 12 307] 
[ 12 308] 
[ 12 309] 
[ 12 310] 
[ 12 311] 
[ 12 312] 
[ 12 313] 
[ 13 314] 
[ 13 315] 
[ 13 316] 
[ 13 317] 
[ 13 318] 
[ 13 319] 
[ 13 320] 
[ 14 321] 
[ 14 322] 
[ 14 323] 
[ 14 324] 
[ 14 325] 
[ 14 326] 
[ 14 327] 
[ 14 328] 
[ 14 329] 
[ 14 330] 
[ 14 331] 
[ 15 332] 
[ 15 333] 
[ 15 334] 
[ 15 335] 
[ 15 336] 
[ 15 337] 
[ 15 338] 
[ 15 339] 
[ 15 340] 
[ 16 341] 
[ 16 342] 
[ 16 343] 
[ 16 344] 
[ 16 345] 
[ 16 346] 
[ 16 347] 
[ 17 348] 
[ 17 349] 
[ 17 350] 
[ 17 351] 
[ 17 352] 
[ 18 353] 
[ 18 354] 
[ 18 355] 
[ 18 356] 
[ 18 357] 
[ 19 358] 
[ 19 359] 
[ 19 360] 
[ 19 361] 
[ 19 362] 
[ 20 363] 
[ 20 364] 
[ 20 365] 
[ 20 366] 
[ 21 367] 
[ 21 368] 
[ 21 369] 
[ 21 370] 
[ 22 371] 
[ 22 372] 
[ 22 373] 
[ 22 374] 
[ 23 375] 
[ 23 376] 
[ 23 377] 
[ 23 378] 
[ 24 379] 
[ 24 380] 
[ 24 381] 
[ 25 382] 
[ 25 383] 
[ 25 384] 
[ 26 385] 
[ 26 386] 
[ 26 387] 
[ 27 388] 
[ 27 389] 
[ 27 390] 
[ 28 391] 
[ 28 392] 
[ 28 393] 
[ 29 394] 
[ 29 395] 
[ 30 396] 
[ 30 397] 
[ 30 398] 
[ 31 399] 
[ 31 400] 
[ 31 401] 
[ 32 402] 
[ 32 403] 
[ 33 404] 
[ 33 405] 
[ 33 406] 
[ 34 407] 
[ 34 408] 
[ 34 409] 
[ 35 410] 
[ 35 411] 
[ 36 412] 
[ 36 413] 
[ 37 414] 
[ 37 415] 
[ 38 416] 
[ 38 417] 
[ 38 418] 
[ 39 419] 
[ 39 420] 
[ 40 421] 
[ 40 422] 
[ 41 423] 
[ 41 424] 
[ 42 425] 
[ 42 426] 
[ 43 427] 
[ 43 428] 
[ 44 429] 
[ 45 430] 
[ 45 431] 
[ 46 432] 
[ 46 433] 
[ 47 434] 
[ 47 435] 
[ 48 436] 
[ 48 437] 
[ 49 438] 
[ 49 439] 
[ 50 440] 
[ 50 441] 
[ 51 442] 
[ 52 443] 
[ 52 444] 
[ 53 445] 
[ 53 446] 
[ 54 447] 
[ 55 448] 
[ 55 449] 
[ 56 450] 
[ 57 451] 
[ 58 452] 
[ 58 453] 
[ 59 454] 
[ 60 455] 
[ 60 456] 
[ 61 457] 
[ 62 458] 
[ 62 459] 
[ 63 460] 
[ 64 461] 
[ 64 462] 
[ 65 463] 
[ 66 464] 
[ 67 465] 
[ 67 466] 
[ 68 467] 
[ 69 468] 
[ 70 469] 
[ 71 470] 
[ 72 471] 
[ 72 472] 
[ 73 473] 
[ 74 474] 
[ 75 475] 
[ 76 476] 
[ 76 477] 
[ 77 478] 
[ 78 479] 
[ 79 480] 
[ 80 481] 
[ 81 482] 
[ 82 483] 
[ 82 484] 
[ 83 485] 
[ 84 485] 
[ 85 486] 
[ 85 487] 
[ 86 488] 
[ 87 489] 
[ 88 490] 
[ 89 491] 
[ 90 492] 
[ 91 493] 
[ 92 494] 
[ 93 495] 
[ 94 496] 
[ 95 497] 
[ 96 498] 
[ 97 499] 
[ 98 500] 
[ 99 500] 
[100 501] 
[101 502] 
[102 503] 
[103 504] 
[104 505] 
[105 506] 
[106 507] 
[107 508] 
[108 508] 
[109 509] 
[110 510] 
[111 511] 
[112 512] 
[113 513] 
[114 513] 
[115 514] 
[116 515] 
[117 516] 
[118 517] 
[119 517] 
[120 518] 
[121 519] 
[122 519] 
[123 520] 
[124 521] 
[125 521] 
[126 522] 
[127 523] 
[128 524] 
[129 524] 
[130 525] 
[131 526] 
[132 526] 
[133 527] 
[134 528] 
[135 528] 
[136 529] 
[137 529] 
[138 530] 
[139 531] 
[140 531] 
[141 532] 
[142 532] 
[143 533] 
[144 533] 
[145 534] 
[146 534] 
[147 535] 
[148 536] 
[149 536] 
[150 537] 
[151 537] 
[152 538] 
[153 538] 
[154 539] 
[155 539] 
[156 540] 
[157 540] 
[158 541] 
[159 541] 
[160 542] 
[161 542] 
[162 543] 
[163 543] 
[164 544] 
[165 544] 
[166 544] 
[167 545] 
[168 545] 
[169 546] 
[170 546] 
[171 547] 
[172 547] 
[173 547] 
[174 548] 
[175 549] 
[176 549] 
[177 549] 
[178 549] 
[179 550] 
[180 550] 
[181 550] 
[182 551] 
[183 551] 
[184 552] 
[185 552] 
[186 552] 
[187 553] 
[188 553] 
[189 553] 
[190 553] 
[191 554] 
[192 554] 
[193 555] 
[194 555] 
[195 555] 
[196 555] 
[197 556] 
[198 556] 
[199 556] 
[200 556] 
[201 557] 
[202 557] 
[203 557] 
[204 558] 
[205 558] 
[206 558] 
[207 558] 
[208 559] 
[209 559] 
[210 559] 
[211 559] 
[212 559] 
[213 560] 
[214 560] 
[215 560] 
[216 560] 
[217 560] 
[218 561] 
[219 561] 
[220 561] 
[221 561] 
[222 561] 
[223 562] 
[224 562] 
[225 562] 
[226 562] 
[227 562] 
[228 562] 
[229 562] 
[230 563] 
[231 563] 
[232 563] 
[233 563] 
[234 563] 
[235 563] 
[236 563] 
[237 563] 
[238 563] 
[239 564] 
[240 564] 
[241 564] 
[242 564] 
[243 564] 
[244 564] 
[245 564] 
[246 564] 
[247 564] 
[248 564] 
[249 564] 
[250 564] 
[251 564] 
[252 564] 
[253 564] 
[254 564] 
[255 564] 
[256 564] 
[257 564] 
[258 564] 
[259 564] 
[260 565] 
[261 564] 
[262 564] 
[263 564] 
[264 564] 
[265 564] 
[266 564] 
[267 564] 
[268 564] 
[269 564] 
[270 564] 
[271 564] 
[272 564] 
[273 564] 
[274 564] 
[275 564] 
[276 564] 
[277 564] 
[278 564] 
[279 564] 
[280 564] 
[281 564] 
[282 564] 
[283 564] 
[284 564] 
[285 564] 
[286 563] 
[287 563] 
[288 563] 
[289 563] 
[290 563] 
[291 563] 
[292 563] 
[293 562] 
[294 563] 
[295 562] 
[296 562] 
[297 562] 
[298 562] 
[299 562] 
[300 562] 
[301 562] 
[302 561] 
[303 561] 
[304 561] 
[305 561] 
[306 561] 
[307 561] 
[308 560] 
[309 560] 
[310 560] 
[311 560] 
[312 560] 
[313 560] 
[314 559] 
[315 559] 
[316 559] 
[317 559] 
[318 559] 
[319 558] 
[320 558] 
[321 558] 
[322 558] 
[323 557] 
[324 557] 
[325 557] 
[326 557] 
[327 557] 
[328 556] 
[329 556] 
[330 556] 
[331 555] 
[332 555] 
[333 555] 
[334 555] 
[335 554] 
[336 554] 
[337 554] 
[338 553] 
[339 553] 
[340 553] 
[341 553] 
[342 552] 
[343 552] 
[344 552] 
[345 551] 
[346 551] 
[347 551] 
[348 550] 
[349 550] 
[350 550] 
[351 549] 
[352 549] 
[353 549] 
[354 548] 
[355 548] 
[356 547] 
[357 547] 
[358 547] 
[359 547] 
[360 546] 
[361 546] 
[362 545] 
[363 545] 
[364 544] 
[365 544] 
[366 544] 
[367 543] 
[368 542] 
[369 542] 
[370 542] 
[371 541] 
[372 541] 
[373 541] 
[374 540] 
[375 540] 
[376 539] 
[377 539] 
[378 538] 
[379 538] 
[380 537] 
[381 537] 
[382 536] 
[383 536] 
[384 535] 
[385 535] 
[386 534] 
[387 534] 
[388 533] 
[389 533] 
[390 532] 
[391 532] 
[392 531] 
[393 530] 
[394 530] 
[395 529] 
[396 529] 
[397 528] 
[398 528] 
[399 527] 
[400 527] 
[401 526] 
[402 525] 
[403 525] 
[404 524] 
[405 524] 
[406 523] 
[407 522] 
[408 522] 
[409 521] 
[410 521] 
[411 520] 
[412 519] 
[413 519] 
[414 518] 
[415 517] 
[416 517] 
[417 516] 
[418 515] 
[419 514] 
[420 514] 
[421 513] 
[422 512] 
[423 512] 
[424 511] 
[425 510] 
[426 510] 
[427 509] 
[428 508] 
[429 507] 
[430 507] 
[431 506] 
[432 505] 
[433 504] 
[434 503] 
[435 503] 
[436 502] 
[437 501] 
[438 500] 
[439 499] 
[440 499] 
[441 498] 
[442 497] 
[443 496] 
[444 495] 
[445 494] 
[446 493] 
[447 492] 
[448 492] 
[449 491] 
[450 490] 
[451 489] 
[452 488] 
[453 487] 
[454 486] 
[455 485] 
[456 484] 
[457 483] 
[458 482] 
[459 481] 
[460 480] 
[461 479] 
[462 478] 
[463 477] 
[464 476] 
[465 475] 
[466 474] 
[467 473] 
[467 472] 
[468 471] 
[469 471] 
[469 470] 
[470 469] 
[471 468] 
[472 467] 
[473 466] 
[474 465] 
[474 464] 
[475 463] 
[476 462] 
[477 461] 
[478 460] 
[478 459] 
[479 458] 
[480 457] 
[481 456] 
[482 455] 
[483 454] 
[483 453] 
[484 452] 
[485 451] 
[485 450] 
[486 449] 
[487 448] 
[487 447] 
[488 446] 
[489 445] 
[490 444] 
[490 443] 
[491 442] 
[491 441] 
[492 440] 
[493 439] 
[493 438] 
[494 437] 
[495 436] 
[495 435] 
[496 434] 
[496 433] 
[497 432] 
[498 431] 
[498 430] 
[499 429] 
[500 428] 
[500 427] 
[500 426] 
[501 425] 
[502 424] 
[502 423] 
[503 422] 
[503 421] 
[504 420] 
[504 419] 
[505 418] 
[505 417] 
[506 416] 
[506 415] 
[507 414] 
[507 413] 
[508 412] 
[508 411] 
[509 410] 
[509 409] 
[510 408] 
[510 407] 
[510 406] 
[511 405] 
[512 404] 
[512 403] 
[512 402] 
[513 401] 
[513 400] 
[513 399] 
[514 398] 
[515 397] 
[515 396] 
[515 395] 
[516 394] 
[516 393] 
[516 392] 
[517 391] 
[517 390] 
[517 389] 
[518 388] 
[518 387] 
[518 386] 
[519 385] 
[519 384] 
[519 383] 
[520 382] 
[520 381] 
[520 380] 
[521 379] 
[521 378] 
[521 377] 
[521 376] 
[522 375] 
[522 374] 
[522 373] 
[522 372] 
[523 371] 
[523 370] 
[523 369] 
[524 368] 
[524 367] 
[524 366] 
[525 365] 
[525 364] 
[525 363] 
[526 362] 
[526 361] 
[526 360] 
[526 359] 
[526 358] 
[526 357] 
[527 356] 
[527 355] 
[527 354] 
[527 353] 
[528 352] 
[528 351] 
[528 350] 
[528 349] 
[528 348] 
[529 347] 
[529 346] 
[529 345] 
[529 344] 
[529 343] 
[529 342] 
[530 341] 
[530 340] 
[530 339] 
[530 338] 
[530 337] 
[530 336] 
[530 335] 
[530 334] 
[531 333] 
[531 332] 
[531 331] 
[531 330] 
[531 329] 
[531 328] 
[531 327] 
[531 326] 
[531 325] 
[531 324] 
[531 323] 
[532 322] 
[532 321] 
[532 320] 
[532 319] 
[532 318] 
[532 317] 
[532 316] 
[532 315] 
[532 314] 
[532 313] 
[532 312] 
[532 311] 
[532 310] 
[532 309] 
[532 308] 
[532 307] 
[532 306] 
[532 305] 
[532 304] 
[532 303] 
[532 302] 
[532 301] 
[532 300] 
[532 299] 
[532 298] 
[532 297] 
[532 296] 
[532 295] 
[532 294] 
[532 293] 
[532 292] 
[532 291] 
[532 290] 
[532 289] 
[532 288] 
[532 287] 
[532 286] 
[532 285] 
[532 284] 
[532 283] 
[532 282] 
[532 281] 
[532 280] 
[532 279] 
[532 278] 
[531 277] 
[531 276] 
[531 275] 
[531 274] 
[531 273] 
[531 272] 
[531 271] 
[531 270] 
[531 269] 
[530 268] 
[530 267] 
[530 266] 
[530 265] 
[530 264] 
[530 263] 
[530 262] 
[530 261] 
[530 260] 
[530 259] 
[529 258] 
[529 257] 
[529 256] 
[529 255] 
[529 254] 
[529 253] 
[529 252] 
[528 251] 
[528 250] 
[528 249] 
[528 248] 
[528 247] 
[527 246] 
[527 245] 
[527 244] 
[527 243] 
[527 242] 
[527 241] 
[526 240] 
[526 239] 
[526 238] 
[526 237] 
[526 236] 
[525 235] 
[525 234] 
[525 233] 
[524 232] 
[524 231] 
[524 230] 
[524 229] 
[523 228] 
[523 227] 
[523 226] 
[523 225] 
[522 224] 
[522 223] 
[522 222] 
[522 221] 
[521 220] 
[521 219] 
[521 218] 
[521 217] 
[520 216] 
[520 215] 
[520 214] 
[519 213] 
[519 212] 
[519 211] 
[519 210] 
[518 209] 
[518 208] 
[517 207] 
[517 206] 
[517 205] 
[517 204] 
[516 203] 
[516 202] 
[516 201] 
[515 200] 
[515 199] 
[515 198] 
[514 197] 
[514 196] 
[514 195] 
[513 194] 
[513 193] 
[513 192] 
[512 191] 
[512 190] 
[511 189] 
[510 188] 
[510 187] 
[510 186] 
[509 185] 
[509 184] 
[508 183] 
[508 182] 
[508 181] 
[507 180] 
[507 179] 
[507 178] 
[506 177] 
[506 176] 
[505 175] 
[505 174] 
[504 173] 
[504 172] 
[503 171] 
[503 170] 
[502 169] 
[502 168] 
[502 167] 
[501 166] 
[501 165] 
[500 164] 
[500 163] 
[499 162] 
[499 161] 
[498 160] 
[497 159] 
[497 158] 
[496 157] 
[496 156] 
[495 155] 
[495 154] 
[494 153] 
[494 152] 
[493 151] 
[493 150] 
[492 149] 
[491 148] 
[491 147] 
[490 146] 
[490 145] 
[489 144] 
[488 143] 
[488 142] 
[487 141] 
[487 140] 
[486 139] 
[485 138] 
[485 137] 
[484 136] 
[483 135] 
[483 134] 
[482 133] 
[481 132] 
[481 131] 
[480 130] 
[479 129] 
[479 128] 
[478 127] 
[477 126] 
[477 125] 
[476 124] 
[475 123] 
[474 122] 
[474 121] 
[473 120] 
[472 119] 
[472 118] 
[471 117] 
[470 116] 
[469 115] 
[469 114] 
[468 113] 
[467 112] 
[466 111] 
[465 110] 
[464 109] 
[463 108] 
[463 107] 
[462 106] 
[461 105] 
[460 104] 
[459 103] 
[458 102] 
[458 101] 
[457 100] 
[456  99] 
[455  98] 
[454  97] 
[453  96] 
[452  95] 
[451  94] 
[450  93] 
[449  92] 
[448  91] 
[447  90] 
[446  89] 
[445  88] 
[444  87] 
[443  86] 
[442  85] 
[441  84] 
[440  83] 
[439  82] 
[438  81] 
[437  80] 
[436  79] 
[435  78] 
[434  77] 
[433  76] 
[432  76] 
[431  75] 
[430  74] 
[429  73] 
[428  72] 
[427  71] 
[426  70] 
[425  69] 
[424  69] 
[423  68] 
[422  67] 
[421  66] 
[420  66] 
[419  65] 
[418  64] 
[417  64] 
[416  63] 
[415  62] 
[414  61] 
[413  60] 
[412  60] 
[411  59] 
[410  58] 
[409  58] 
[408  57] 
[407  56] 
[406  56] 
[405  55] 
[404  54] 
[403  54] 
[402  53] 
[401  52] 
[400  52] 
[399  51] 
[398  50] 
[397  50] 
[396  49] 
[395  48] 
[394  48] 
[393  47] 
[392  47] 
[391  46] 
[390  46] 
[389  45] 
[388  45] 
[387  44] 
[386  43] 
[385  43] 
[384  42] 
[383  42] 
[382  41] 
[381  41] 
[380  40] 
[379  40] 
[378  39] 
[377  39] 
[376  38] 
[375  38] 
[374  37] 
[373  37] 
[372  36] 
[371  35] 
[370  35] 
[369  35] 
[368  34] 
[367  34] 
[366  33] 
[365  33] 
[364  33] 
[363  32] 
[362  32] 
[361  31] 
[360  31] 
[359  30] 
[358  30] 
[357  30] 
[356  29] 
[355  29] 
[354  28] 
[353  28] 
[352  28] 
[351  27] 
[350  27] 
[349  27] 
[348  26] 
[347  26] 
[346  26] 
[345  25] 
[344  25] 
[343  24] 
[342  24] 
[341  24] 
[340  23] 
[339  23] 
[338  23] 
[337  22] 
[336  22] 
[335  22] 
[334  22] 
[333  21] 
[332  21] 
[331  21] 
[330  21] 
[329  20] 
[328  20] 
[327  20] 
[326  20] 
[325  19] 
[324  19] 
[323  19] 
[322  19] 
[321  18] 
[320  18] 
[319  18] 
[318  17] 
[317  17] 
[316  17] 
[315  17] 
[314  17] 
[313  16] 
[312  16] 
[311  16] 
[310  16] 
[309  16] 
[308  15] 
[307  15] 
[306  15] 
[305  15] 
[304  15] 
[303  15] 
[302  15] 
[301  14] 
[300  14] 
[299  14] 
[298  14] 
[297  14] 
[296  14] 
[295  13] 
[294  13] 
[293  13] 
[292  13] 
[291  13] 
[290  13] 
[289  13] 
[288  12] 
[287  12] 
[286  12] 
[285  12] 
[284  12] 
[283  12] 
[282  12] 
[281  12] 
[280  12] 
[279  12] 
[278  12] 
[277  12] 
[276  11] 
[275  12] 
[274  11] 
[273  11] 
[272  11] 
[271  11] 
[270  11] 
[269  11] 
[268  11] 
[267  11] 
[266  11] 
[265  11] 
[264  11] 
[263  11] 
